262 801 376 895 
458 767 903 454 
400 996 229 236 
740 328 920 478 
692 350 373 878 
599 435 102 709 
518 688 255 724 

172 487 1000 928 
837 376 577 426 
112 216 70 670 
302 992 822 545 
424 369 768 389 
893 690 309 96 
741 297 315 908 

886 187 797 233 
965 962 335 970 
815 995 53 816 
219 151 461 226 
979 744 985 179 
35 315 841 177 
475 657 996 902 

638 774 913 585 
489 600 238 79 
212 127 682 496 
64 526 319 783 
855 944 237 184 
392 486 738 932 
906 566 545 117 

896 190 650 988 
631 977 144 349 
667 82 794 164 
380 361 842 180 
489 987 623 234 
859 569 819 525 
643 579 816 563 


552 404 256 186 
130 53 427 159 
213 104 1021 914 
120 359 654 789 
711 923 334 365 
269 206 786 600 
830 208 402 42 

858 387 661 56 
589 123 367 888 
485 442 151 456 
414 305 886 575 
718 335 290 694 
227 1013 203 235 
770 378 672 546 

242 81 456 634 
72 246 832 435 
320 917 266 953 
783 676 731 517 
244 266 612 966 
788 949 634 489 
57 866 142 804 

920 171 183 580 
868 261 102 1011 
374 629 268 355 
947 862 364 869 
538 226 614 614 
887 598 900 432 
590 922 783 365 

483 981 303 333 
429 301 581 218 
375 772 447 258 
161 700 260 104 
1020 471 40 381 
719 251 195 84 
1024 488 80 796 


379 192 215 894 
980 960 764 352 
854 68 152 300 
760 406 697 157 

282 116 568 322 
292 298 619 677 
249 445 987 1006 
514 382 525 751 

705 875 268 408 
820 501 76 939 
553 749 141 45 
880 98 779 800 

157 775 917 597 
531 74 796 829 
428 873 677 72 
417 262 482 982 


52 240 346 871 
697 998 555 220 
753 750 84 723 
933 616 229 935 

260 269 814 925 
275 336 891 788 
575 420 489 36 
762 844 733 417 

846 557 772 272 
1006 711 284 902 
415 239 170 265 
621 533 451 209 


111 591 941 975 
436 196 392 757 
319 209 700 52 
951 159 564 490 

113 746 515 854 
641 349 43 717 
836 417 892 100 
147 1017 1011 331 


514 357 125 170 
714 718 662 263 
630 561 161 444 
929 428 720 873 



1 1 0 0 
1 0 0 1 
1 0 1 0 
1 1 0 0 
1 0 1 0 
1 0 0 1 
0 1 1 0 

0 0 1 1 
0 0 1 1 
0 1 0 1 
0 0 1 1 
1 0 1 0 
1 0 0 1 
0 0 1 1 

1 1 0 0 
1 1 0 0 
0 1 0 1 
1 0 0 1 
1 1 0 0 
0 1 0 1 
0 1 1 0 

1 1 0 0 
0 1 1 0 
1 1 0 0 
1 1 0 0 
0 1 1 0 
0 1 1 0 
0 0 1 1 

1 0 1 0 
0 0 1 1 
1 0 0 1 
0 1 1 0 
0 1 0 1 
1 1 0 0 
0 0 1 1 


1 0 0 1 
0 0 1 1 
1 1 0 0 
1 0 1 0 
1 1 0 0 
0 0 1 1 
0 1 0 1 

0 1 1 0 
0 1 1 0 
0 0 1 1 
0 1 1 0 
0 1 1 0 
0 1 0 1 
0 1 1 0 

1 0 1 0 
1 0 1 0 
0 0 1 1 
1 0 1 0 
0 1 0 1 
1 1 0 0 
1 1 0 0 

1 0 1 0 
1 1 0 0 
0 1 0 1 
0 1 1 0 
1 0 1 0 
0 1 0 1 
1 0 1 0 

1 0 0 1 
1 0 1 0 
1 1 0 0 
0 1 0 1 
0 1 1 0 
1 0 1 0 
0 1 1 0 


0 1 0 1 
0 1 1 0 
0 1 1 0 
1 1 0 0 
0 1 0 1 
0 1 0 1 
0 1 0 1 

1 0 1 0 
0 0 1 1 
1 0 0 1 
1 1 0 0 
0 1 1 0 
0 1 1 0 
0 1 1 0 

1 0 0 1 
1 0 0 1 
1 0 1 0 
0 1 0 1 
0 1 1 0 
1 0 0 1 
0 0 1 1 

1 0 1 0 
1 1 0 0 
0 1 0 1 
1 0 1 0 
1 0 1 0 
1 0 0 1 
0 1 1 0 

1 1 0 0 
0 1 0 1 
1 0 1 0 
1 0 1 0 
1 0 0 1 
1 1 0 0 
0 1 1 0 


1 1 0 0 
0 1 0 1 
0 1 0 1 
0 1 1 0 
1 1 0 0 
1 0 0 1 
1 0 0 1 

0 0 1 1 
1 0 1 0 
0 0 1 1 
1 0 1 0 
1 0 1 0 
1 1 0 0 
1 1 0 0 

0 0 1 1 
0 1 0 1 
0 1 1 0 
1 0 0 1 
0 0 1 1 
1 1 0 0 
0 1 1 0 

0 0 1 1 
1 0 1 0 
1 0 0 1 
1 0 0 1 
0 0 1 1 
1 1 0 0 
0 0 1 1 

0 1 1 0 
0 1 1 0 
0 0 1 1 
1 0 0 1 
0 0 1 1 
0 1 0 1 
1 0 1 0 


0 1 0 0 
0 1 1 1 
1 0 0 0 
0 0 0 0 

0 1 1 0 
1 0 0 1 
0 1 0 1 
1 1 0 1 

0 1 1 0 
0 0 1 1 
0 1 1 0 
1 1 0 0 

0 0 0 1 
1 0 0 1 
1 0 0 1 
1 0 1 0 


0 0 1 0 
0 1 0 1 
0 0 0 1 
1 1 1 0 

1 0 0 1 
0 0 1 0 
1 0 1 0 
1 0 1 1 

0 1 1 1 
0 1 1 0 
1 0 1 1 
0 1 0 1 


1 1 1 0 
1 1 1 0 
0 1 1 0 
0 1 0 0 

1 0 0 0 
1 1 0 1 
1 0 0 0 
0 0 0 0 


0 0 1 1 
1 1 0 1 
0 1 0 1 
0 1 0 1 



0 0 1 1 
0 0 0 1 
0 1 0 1 
1 0 0 1 

0 0 1 0 
1 1 1 1 
0 1 1 0 
0 1 0 1 

1 1 0 0 
1 1 0 1 
1 1 0 0 
1 0 1 1 

1 1 0 1 
1 1 0 0 
0 1 0 1 
1 1 0 0 


1 1 1 0 
0 1 1 0 
0 1 0 0 
1 0 1 1 

0 1 0 0 
0 1 1 0 
0 1 0 0 
0 1 1 0 

0 1 1 0 
0 1 0 0 
0 0 1 0 
1 1 0 0 


1 1 0 1 
0 1 1 1 
1 1 1 0 
0 0 0 1 

1 0 1 0 
0 0 0 1 
0 1 0 1 
0 0 1 1 


0 1 1 0 
0 1 1 1 
1 1 1 1 
1 1 0 0 



1 1 0 1 
0 0 1 0 
0 1 0 0 
1 0 1 0 

0 0 0 1 
0 1 0 1 
1 0 1 0 
1 0 1 1 

1 0 1 0 
1 0 0 0 
1 1 0 0 
0 0 0 1 

1 0 0 1 
0 0 1 1 
1 0 1 0 
1 1 1 1 


0 1 0 0 
1 1 0 1 
0 1 1 0 
1 0 0 0 

1 0 1 0 
1 1 1 0 
0 0 1 1 
1 0 0 0 

1 0 1 0 
0 0 1 1 
1 1 1 0 
0 0 0 1 


1 0 0 0 
0 0 1 0 
0 0 1 0 
0 0 1 0 

0 1 1 0 
0 1 1 1 
0 0 1 1 
0 1 0 1 


0 1 1 0 
0 0 0 1 
0 1 1 0 
1 0 1 1 



3 1 2 5 
3 5 2 6 
0 3 6 1 
1 5 2 4 
3 5 2 6 

4 1 2 6 
0 5 4 1 
1 4 2 5 
1 5 4 0 
6 0 2 3 

1 0 2 3 
5 3 2 0 
5 1 6 2 
4 1 0 6 

4 1 5 3 
4 0 6 2 
4 1 5 0 
4 3 2 0 

5 6 0 1 
1 6 4 5 
0 3 4 1 
0 1 4 5 

4 0 6 2 
6 5 2 3 
2 6 5 3 
3 1 6 5 


0 3 1 5 
4 2 3 0 
3 0 6 4 
1 2 0 5 

0 6 5 2 
3 0 2 1 
2 3 4 6 
1 2 3 5 

0 1 2 3 
4 5 1 6 
1 4 6 3 
2 0 3 5 


4 6 5 0 
5 0 2 4 
6 5 3 1 
3 2 0 6 

0 5 4 6 
4 0 5 6 
5 4 6 3 
1 2 3 5 


2 3 1 5 
0 6 4 2 
6 1 3 4 
2 0 6 1 



