235 341 786 609 
775 586 306 33 
343 353 121 383 
904 564 188 351 
320 383 657 434 
852 293 864 698 
411 679 591 517 
780 396 561 660 
231 958 868 784 
650 624 225 420 
577 144 581 343 

861 251 1007 122 
611 947 842 609 
212 896 263 258 
269 334 390 260 
204 185 361 944 
540 340 423 111 
208 322 591 157 
192 631 685 993 
85 489 918 772 
572 272 542 86 
52 119 289 600 

169 38 85 886 
410 873 378 983 
685 102 789 617 
720 958 906 855 
629 552 852 497 
624 793 215 399 
118 669 429 717 
692 603 148 579 
941 184 854 436 
750 187 926 237 
417 360 240 375 

745 372 941 632 
432 386 909 714 
130 790 519 38 
61 739 327 867 
843 533 1023 119 
790 413 108 220 
917 348 1012 325 
140 559 126 625 
44 186 588 975 
1015 350 499 990 
267 768 658 429 

771 576 202 976 
454 461 474 832 
272 1014 424 996 
489 106 752 975 
679 953 304 445 
599 218 387 633 
90 554 647 254 
773 348 454 423 
72 874 802 272 
859 281 885 205 
39 343 530 751 

51 405 986 358 
685 229 332 760 
33 813 768 113 
837 886 263 782 
824 945 252 165 
42 638 381 574 
191 663 235 427 
917 657 163 223 
305 473 630 475 
747 831 397 730 
717 585 105 818 

302 455 111 754 
557 928 436 83 
322 409 538 433 
555 198 791 374 
666 862 260 692 
859 993 934 851 
815 844 180 291 
408 748 122 830 
996 288 909 814 
971 314 704 106 
802 743 159 949 

426 619 92 34 
796 71 863 679 
627 209 983 340 
256 364 623 602 
750 664 603 259 
454 447 429 959 
54 569 579 51 
571 216 67 120 
117 530 138 314 
834 436 541 615 
514 910 820 955 

684 334 39 918 
589 694 606 966 
838 340 137 956 
691 276 485 399 
698 393 226 999 
718 543 380 150 
440 742 496 341 
633 192 973 581 
199 283 952 525 
206 961 784 432 
154 995 123 268 

110 443 1004 1016 
413 632 354 59 
32 769 173 242 
269 1010 345 216 
1018 844 291 812 
239 994 107 859 
382 140 218 906 
799 103 73 739 
63 373 104 446 
274 899 771 882 
567 775 43 331 


903 489 516 525 
332 890 302 247 
959 599 534 742 
619 437 1011 557 
559 557 624 315 
926 266 477 567 
978 961 910 765 
619 394 575 379 
490 680 981 179 
1021 104 499 266 
703 525 931 867 

878 374 238 359 
708 129 996 131 
70 284 702 513 
55 587 343 829 
833 492 752 589 
652 1013 887 248 
527 304 50 818 
32 977 293 632 
667 228 201 820 
611 203 957 843 
724 993 566 830 

101 474 949 918 
393 1018 1016 233 
145 757 542 828 
361 259 57 151 
208 655 901 344 
707 57 492 566 
683 823 68 255 
1000 896 254 675 
317 379 71 534 
539 812 358 890 
37 119 120 320 

701 689 654 366 
497 611 843 195 
766 611 948 458 
810 551 324 251 
390 236 855 41 
374 94 840 390 
688 546 1016 1015 
623 636 63 433 
34 605 414 267 
598 505 977 243 
675 898 485 1011 

864 629 909 167 
418 281 241 504 
880 769 413 263 
134 872 694 311 
391 913 891 735 
903 375 139 740 
515 855 441 651 
66 226 516 714 
535 750 701 747 
771 872 349 793 
148 742 838 349 

892 303 370 356 
340 431 879 937 
1009 44 266 198 
79 545 180 740 
981 798 350 80 
443 764 901 145 
208 780 335 972 
956 158 778 136 
876 967 907 172 
786 656 95 225 
104 359 764 110 

786 741 960 205 
394 452 101 538 
264 226 491 457 
450 487 741 33 
325 561 461 429 
584 76 592 882 
947 456 598 566 
109 598 837 924 
377 182 470 132 
997 746 684 670 
186 465 66 667 

339 430 876 902 
723 32 519 825 
970 812 689 303 
173 712 517 820 
843 36 86 885 
499 814 463 384 
509 207 142 245 
313 521 685 160 
349 265 515 823 
54 595 637 420 
190 530 565 790 

804 753 866 279 
365 676 804 688 
304 782 512 368 
647 300 794 94 
577 1007 46 302 
73 747 314 350 
1002 80 183 903 
778 302 280 231 
67 40 748 775 
1000 219 521 361 
468 438 379 575 

839 118 900 543 
605 580 881 507 
640 904 425 365 
255 712 653 451 
402 685 525 275 
917 391 545 683 
533 548 150 151 
826 713 407 279 
716 1009 229 720 
863 574 445 888 
613 57 377 176 


966 671 355 953 
926 762 550 376 
212 143 396 260 
999 104 864 750 

176 174 491 777 
288 190 887 482 
563 102 471 952 
690 961 937 276 

179 139 489 442 
785 432 517 597 
46 434 391 152 
1024 334 997 142 

979 142 416 541 
196 215 671 470 
98 502 431 145 
801 949 498 57 

121 730 156 793 
738 548 895 954 
629 929 381 315 
694 681 837 50 

193 274 687 433 
286 387 384 102 
851 659 291 736 
34 537 298 122 

695 929 123 863 
448 703 347 82 
825 640 725 932 
251 486 60 574 

685 645 935 616 
474 106 291 376 
164 43 113 743 
341 814 276 650 

218 933 735 694 
434 539 974 290 
471 145 606 398 
981 697 174 618 


867 770 767 693 
558 637 184 754 
311 298 426 526 
536 561 140 247 

606 447 556 157 
492 225 127 926 
627 960 570 874 
828 455 366 203 

253 700 321 347 
944 502 69 215 
874 676 712 546 
141 175 595 938 

565 447 754 834 
567 594 580 871 
327 154 518 162 
722 244 95 999 

811 468 618 683 
850 675 315 702 
137 102 765 213 
603 56 972 521 

561 237 648 715 
92 46 578 501 
511 622 618 685 
462 781 349 551 

56 753 858 795 
808 762 882 723 
56 219 367 172 
907 43 1004 682 

725 933 502 392 
947 96 725 286 
373 825 841 1013 
748 907 393 436 


901 460 57 870 
69 130 315 902 
457 551 57 419 
745 716 379 639 

440 71 532 402 
962 492 932 428 
135 699 198 617 
189 773 574 525 

431 146 789 105 
677 818 1023 419 
621 58 722 526 
957 819 709 953 

531 373 287 983 
441 338 469 454 
666 1000 804 145 
477 318 547 619 

663 596 786 341 
422 472 175 83 
245 748 786 421 
603 745 719 134 

109 754 646 606 
778 250 990 241 
730 642 49 958 
868 901 377 209 

522 1003 760 237 
211 1003 260 296 
947 186 728 925 
173 378 967 286 


179 140 251 555 
944 737 464 805 
471 738 796 43 
369 992 198 493 

241 125 968 415 
829 637 913 566 
52 289 127 69 
224 550 495 770 

790 822 327 661 
304 556 264 272 
246 395 167 645 
217 655 955 522 

451 570 312 294 
311 207 986 134 
161 973 398 248 
456 841 876 1013 

280 537 479 742 
442 125 245 741 
637 270 865 880 
250 799 827 537 

998 716 799 585 
668 399 317 561 
306 239 887 900 
523 413 775 589 


698 873 349 330 
403 799 727 743 
916 901 214 253 
646 589 539 775 

717 662 425 728 
416 898 57 204 
225 361 679 688 
376 511 745 1009 

478 632 156 687 
978 834 914 133 
250 160 162 377 
617 192 933 204 

84 32 975 444 
889 510 715 965 
578 587 566 876 
534 576 322 866 

569 704 46 712 
585 317 615 701 
551 106 269 224 
140 953 555 176 


635 144 439 964 
281 1001 49 600 
567 810 856 581 
596 766 647 312 

625 160 209 718 
331 225 591 778 
986 261 644 544 
852 481 143 184 

861 498 629 446 
655 751 199 152 
163 78 485 515 
765 187 685 897 

783 1003 776 172 
263 515 921 284 
370 729 280 836 
290 577 356 722 


315 978 1022 298 
935 815 765 700 
575 964 502 70 
586 306 354 301 

449 263 579 599 
184 859 868 715 
404 671 796 871 
769 867 681 125 

210 204 499 438 
857 720 590 500 
343 282 1023 202 
512 134 268 928 


265 100 781 778 
368 732 199 541 
122 845 967 189 
37 712 240 982 

588 591 505 449 
524 427 252 522 
183 897 279 489 
42 61 101 523 


851 255 951 662 
296 43 307 935 
1023 673 993 666 
856 971 538 318 



0 0 1 1 
0 0 1 1 
0 0 1 1 
0 1 0 1 
1 0 0 1 
1 0 1 0 
1 0 0 1 
1 0 0 1 
0 1 0 1 
1 0 1 0 
0 0 1 1 

1 0 0 1 
1 1 0 0 
0 1 1 0 
1 0 0 1 
1 0 1 0 
1 0 0 1 
1 0 1 0 
1 0 0 1 
1 0 0 1 
1 1 0 0 
1 1 0 0 

1 0 0 1 
1 0 1 0 
0 1 1 0 
0 0 1 1 
1 0 1 0 
1 0 1 0 
1 0 1 0 
1 0 0 1 
1 0 1 0 
0 1 1 0 
0 0 1 1 

1 0 0 1 
1 0 1 0 
1 1 0 0 
1 0 0 1 
0 1 1 0 
0 1 0 1 
0 1 1 0 
0 1 0 1 
1 1 0 0 
1 0 1 0 
0 1 0 1 

1 1 0 0 
0 1 1 0 
1 1 0 0 
1 0 1 0 
1 1 0 0 
0 0 1 1 
0 0 1 1 
1 0 1 0 
0 1 0 1 
0 1 1 0 
1 0 0 1 

1 1 0 0 
1 1 0 0 
1 0 1 0 
0 1 0 1 
0 1 1 0 
0 1 0 1 
1 0 0 1 
0 0 1 1 
1 0 0 1 
1 1 0 0 
1 1 0 0 

0 1 1 0 
1 0 0 1 
1 0 0 1 
1 0 1 0 
1 0 0 1 
1 1 0 0 
0 1 1 0 
1 0 1 0 
1 1 0 0 
1 1 0 0 
0 1 1 0 

1 1 0 0 
1 1 0 0 
1 0 0 1 
1 1 0 0 
0 1 0 1 
1 1 0 0 
0 1 0 1 
1 1 0 0 
1 0 1 0 
0 1 0 1 
0 0 1 1 

0 0 1 1 
1 0 1 0 
0 1 0 1 
1 0 0 1 
1 1 0 0 
1 1 0 0 
0 0 1 1 
0 1 0 1 
0 1 0 1 
0 1 0 1 
0 1 0 1 

0 1 1 0 
0 1 1 0 
0 1 0 1 
0 1 1 0 
1 0 0 1 
1 1 0 0 
0 1 1 0 
1 0 0 1 
1 0 0 1 
1 0 0 1 
1 1 0 0 


1 0 0 1 
1 0 0 1 
1 0 0 1 
1 1 0 0 
0 0 1 1 
0 0 1 1 
1 0 1 0 
0 1 0 1 
1 1 0 0 
0 1 1 0 
0 1 1 0 

0 1 0 1 
1 0 1 0 
1 0 1 0 
1 0 1 0 
0 1 1 0 
1 0 1 0 
1 1 0 0 
0 0 1 1 
1 1 0 0 
1 0 1 0 
1 0 1 0 

1 1 0 0 
1 0 0 1 
1 1 0 0 
0 1 0 1 
0 0 1 1 
1 0 0 1 
1 1 0 0 
0 1 0 1 
0 0 1 1 
1 1 0 0 
1 0 1 0 

0 0 1 1 
1 1 0 0 
0 1 0 1 
0 1 0 1 
0 1 0 1 
1 0 0 1 
0 1 0 1 
0 1 1 0 
0 1 0 1 
0 0 1 1 
1 0 0 1 

0 1 0 1 
1 0 1 0 
0 1 1 0 
1 1 0 0 
1 0 1 0 
1 0 1 0 
1 0 1 0 
1 0 0 1 
1 0 0 1 
0 1 0 1 
0 1 0 1 

1 0 1 0 
1 0 0 1 
1 0 0 1 
1 0 0 1 
1 1 0 0 
1 0 0 1 
1 1 0 0 
0 1 0 1 
1 1 0 0 
0 1 0 1 
0 1 0 1 

1 1 0 0 
1 0 1 0 
0 1 0 1 
0 0 1 1 
1 1 0 0 
1 0 0 1 
0 1 0 1 
0 0 1 1 
0 1 0 1 
0 1 1 0 
1 0 1 0 

0 1 0 1 
0 1 1 0 
0 0 1 1 
0 1 1 0 
1 0 0 1 
0 1 0 1 
1 1 0 0 
0 1 1 0 
1 1 0 0 
0 1 1 0 
0 1 1 0 

0 1 0 1 
0 0 1 1 
1 1 0 0 
0 1 0 1 
0 1 1 0 
1 0 0 1 
0 1 1 0 
1 1 0 0 
1 1 0 0 
0 0 1 1 
1 0 0 1 

0 1 0 1 
0 0 1 1 
1 0 0 1 
1 0 1 0 
0 0 1 1 
0 1 0 1 
0 0 1 1 
1 1 0 0 
0 1 0 1 
0 1 0 1 
1 0 1 0 


1 0 1 0 
0 1 0 1 
0 0 1 1 
1 1 0 0 
1 1 0 0 
0 0 1 1 
0 1 1 0 
1 1 0 0 
1 1 0 0 
1 1 0 0 
0 1 1 0 

0 1 0 1 
0 1 0 1 
1 0 1 0 
0 1 1 0 
0 1 1 0 
0 1 1 0 
0 1 1 0 
0 1 0 1 
0 1 0 1 
0 1 0 1 
0 1 0 1 

0 1 0 1 
0 0 1 1 
1 0 0 1 
0 1 1 0 
0 1 1 0 
1 0 1 0 
1 0 0 1 
1 0 0 1 
1 1 0 0 
0 0 1 1 
1 0 1 0 

1 0 0 1 
0 0 1 1 
0 0 1 1 
1 1 0 0 
0 1 1 0 
0 1 0 1 
0 0 1 1 
1 1 0 0 
1 1 0 0 
1 0 1 0 
0 0 1 1 

0 1 1 0 
0 1 1 0 
1 0 1 0 
1 1 0 0 
0 1 1 0 
1 1 0 0 
0 0 1 1 
1 1 0 0 
0 1 0 1 
1 1 0 0 
0 0 1 1 

1 0 0 1 
1 1 0 0 
0 0 1 1 
0 1 1 0 
0 1 0 1 
1 1 0 0 
1 0 1 0 
0 1 1 0 
0 0 1 1 
1 0 1 0 
0 1 0 1 

0 0 1 1 
1 0 0 1 
1 0 0 1 
1 0 1 0 
0 1 1 0 
0 1 0 1 
0 1 0 1 
1 0 0 1 
0 1 0 1 
0 1 1 0 
0 0 1 1 

1 0 0 1 
1 1 0 0 
0 1 1 0 
0 1 0 1 
0 1 1 0 
0 1 1 0 
1 0 1 0 
0 0 1 1 
1 0 1 0 
0 1 1 0 
1 0 1 0 

1 1 0 0 
1 1 0 0 
1 1 0 0 
0 1 0 1 
0 0 1 1 
0 0 1 1 
1 0 0 1 
1 0 1 0 
1 0 1 0 
1 0 1 0 
1 0 1 0 

1 0 1 0 
1 0 0 1 
0 0 1 1 
0 0 1 1 
0 1 0 1 
0 0 1 1 
0 1 0 1 
0 1 0 1 
0 1 1 0 
0 0 1 1 
0 0 1 1 


0 1 1 0 
0 0 1 1 
0 1 1 0 
1 0 0 1 
1 0 0 1 
0 1 1 0 
0 0 1 1 
1 0 0 1 
1 0 1 0 
1 0 1 0 
1 0 1 0 

1 1 0 0 
0 1 1 0 
0 1 1 0 
1 1 0 0 
1 1 0 0 
1 1 0 0 
0 0 1 1 
1 1 0 0 
1 1 0 0 
1 1 0 0 
0 1 1 0 

0 1 1 0 
0 1 1 0 
1 0 1 0 
1 0 1 0 
1 1 0 0 
0 0 1 1 
1 0 1 0 
1 0 1 0 
0 1 0 1 
1 0 0 1 
0 0 1 1 

1 1 0 0 
0 1 0 1 
0 1 0 1 
0 1 1 0 
1 0 1 0 
0 1 1 0 
0 1 0 1 
0 1 0 1 
0 1 1 0 
1 0 0 1 
1 0 1 0 

1 1 0 0 
0 1 0 1 
0 0 1 1 
1 0 0 1 
1 0 1 0 
0 1 0 1 
1 0 0 1 
1 0 1 0 
0 0 1 1 
0 1 0 1 
0 1 0 1 

1 1 0 0 
1 0 1 0 
1 0 1 0 
0 0 1 1 
0 1 1 0 
1 0 0 1 
1 1 0 0 
0 0 1 1 
0 1 0 1 
0 0 1 1 
1 1 0 0 

1 0 1 0 
0 1 0 1 
0 1 0 1 
1 1 0 0 
0 0 1 1 
0 0 1 1 
1 1 0 0 
0 1 0 1 
0 1 1 0 
1 1 0 0 
1 0 1 0 

0 0 1 1 
0 1 0 1 
1 1 0 0 
0 1 1 0 
1 1 0 0 
1 1 0 0 
0 0 1 1 
0 1 1 0 
0 1 1 0 
1 0 1 0 
0 0 1 1 

1 0 0 1 
1 0 0 1 
1 0 1 0 
1 0 0 1 
1 0 1 0 
1 0 1 0 
0 0 1 1 
0 1 1 0 
0 1 1 0 
0 0 1 1 
0 0 1 1 

1 0 0 1 
1 0 1 0 
0 1 1 0 
0 1 0 1 
0 0 1 1 
1 0 0 1 
1 1 0 0 
0 0 1 1 
1 1 0 0 
1 0 0 1 
0 1 1 0 


1 1 1 0 
0 1 0 0 
0 1 1 0 
1 0 1 0 

0 1 1 0 
0 0 0 1 
1 0 0 0 
0 1 0 1 

0 1 0 0 
1 0 0 0 
1 0 0 1 
0 0 1 0 

0 1 1 1 
1 0 0 0 
1 0 1 1 
1 0 1 0 

1 1 0 0 
0 1 1 0 
0 1 0 0 
0 1 0 1 

0 0 0 1 
1 0 1 0 
1 1 0 0 
0 1 1 0 

1 0 0 0 
0 1 0 0 
1 1 0 1 
1 1 0 1 

1 0 0 1 
0 0 0 1 
1 1 0 1 
0 1 0 0 

1 0 1 0 
0 0 0 1 
0 1 0 0 
1 1 0 0 


1 1 1 0 
1 1 0 0 
0 1 0 0 
1 1 1 0 

1 0 1 0 
0 1 0 1 
1 1 0 1 
1 0 0 1 

0 1 0 1 
0 0 0 1 
0 0 0 1 
1 0 1 0 

1 0 1 0 
1 0 0 1 
0 0 0 1 
1 1 0 1 

0 0 0 1 
1 1 0 1 
1 1 1 0 
0 1 1 1 

0 1 0 1 
1 1 1 1 
0 1 1 0 
0 0 1 1 

1 0 1 0 
1 1 0 1 
0 1 0 0 
0 0 1 1 

1 1 0 1 
0 1 0 0 
1 0 1 1 
1 0 1 1 


1 1 1 0 
0 1 1 1 
0 0 1 0 
1 0 0 1 

0 1 1 0 
1 0 0 1 
0 0 0 1 
0 1 1 1 

1 0 0 1 
1 0 0 1 
0 0 0 0 
1 0 0 0 

0 0 1 1 
0 1 1 1 
0 1 0 1 
1 0 1 1 

0 1 0 1 
1 0 1 0 
1 0 0 1 
1 1 0 1 

0 1 0 0 
0 0 1 0 
0 1 1 0 
0 1 0 1 

0 1 0 0 
1 0 1 1 
1 0 0 1 
0 1 0 1 


0 0 1 1 
1 0 1 0 
1 1 0 0 
0 1 0 1 

0 0 1 1 
0 0 1 1 
0 0 0 1 
1 1 1 1 

0 1 1 1 
1 0 0 1 
0 1 0 0 
1 0 1 0 

1 1 0 0 
1 0 0 1 
1 1 0 0 
1 1 1 0 

1 0 0 1 
1 1 0 1 
1 0 1 0 
0 1 1 0 

1 1 0 0 
0 1 1 0 
1 0 0 0 
0 1 0 1 


1 1 0 0 
0 0 1 0 
1 1 0 1 
0 1 1 0 

0 1 0 0 
0 1 0 0 
1 1 1 0 
0 0 0 1 

1 1 0 1 
0 0 1 1 
1 0 1 1 
0 1 0 1 

1 1 0 0 
1 1 0 1 
0 0 1 0 
0 1 1 0 

0 1 1 1 
0 0 1 1 
1 1 0 1 
0 0 0 1 


0 1 0 1 
0 1 1 1 
1 1 1 0 
0 1 1 0 

0 1 1 0 
1 0 1 0 
1 0 1 0 
1 0 1 0 

1 0 0 1 
1 1 0 1 
1 1 1 0 
0 1 0 1 

1 1 0 0 
1 0 0 1 
1 0 1 0 
0 0 1 0 


0 0 1 0 
1 0 0 1 
1 0 1 0 
0 1 1 0 

0 1 1 1 
1 0 0 0 
0 1 0 1 
1 0 1 1 

1 1 1 0 
0 1 0 1 
1 0 1 0 
0 1 0 1 


1 0 1 1 
0 1 0 1 
1 0 1 0 
1 0 1 0 

0 0 1 0 
1 1 0 1 
1 1 0 0 
1 1 1 0 


1 0 1 0 
1 0 0 0 
1 1 0 0 
1 1 0 1 



0 1 0 1 
1 0 0 1 
1 0 1 0 
1 0 0 1 

1 0 1 0 
0 1 0 0 
0 0 1 0 
1 0 0 1 

1 1 0 1 
1 0 1 1 
1 1 0 1 
1 0 1 1 

1 0 1 1 
0 1 0 0 
1 0 0 0 
1 1 0 0 

0 1 0 1 
1 0 1 0 
0 0 0 1 
1 1 1 1 

0 1 1 0 
0 0 0 0 
1 0 1 0 
1 1 0 1 

1 1 0 0 
1 1 0 0 
1 0 1 1 
1 1 1 0 

1 0 1 1 
1 0 1 0 
1 0 1 0 
0 1 0 1 

1 0 0 0 
1 0 0 1 
0 0 1 1 
1 0 1 0 


1 0 1 1 
0 1 0 0 
1 1 0 0 
1 0 0 0 

0 1 1 0 
0 0 0 1 
0 0 1 1 
0 1 0 1 

1 0 1 0 
1 0 0 0 
1 1 0 0 
0 1 0 0 

0 1 1 0 
0 1 0 1 
0 0 1 1 
0 1 0 1 

0 0 1 0 
1 1 0 0 
1 1 0 1 
1 1 0 0 

1 1 0 0 
1 1 0 0 
1 0 1 0 
1 0 1 0 

1 0 1 1 
0 1 1 0 
0 1 1 1 
0 1 1 0 

1 0 0 0 
1 0 1 0 
0 1 1 0 
1 0 0 1 


0 1 1 0 
1 0 0 1 
0 0 0 1 
1 0 0 0 

0 0 1 1 
1 1 0 1 
1 0 1 0 
1 1 1 0 

0 0 1 1 
1 1 1 1 
0 1 0 1 
1 1 1 0 

1 0 1 0 
0 1 1 0 
1 1 0 1 
1 1 0 1 

1 0 0 1 
0 1 0 1 
0 0 1 1 
1 0 0 1 

1 1 0 0 
1 1 1 0 
0 0 1 1 
1 1 0 0 

1 0 0 1 
0 0 1 0 
1 0 0 0 
1 0 0 0 


1 1 0 1 
0 1 1 1 
0 1 0 0 
0 0 1 0 

1 0 0 1 
0 1 0 1 
0 0 1 1 
0 0 1 1 

0 0 0 1 
0 0 1 1 
0 0 1 0 
0 1 1 1 

0 0 1 0 
1 1 1 0 
1 1 0 1 
0 1 0 0 

1 0 1 1 
1 1 1 0 
1 0 1 1 
0 0 0 0 

0 1 1 0 
1 0 1 0 
0 0 1 0 
0 1 0 0 


0 1 1 0 
1 0 1 1 
0 1 0 1 
1 0 1 1 

1 0 1 0 
1 0 0 0 
1 0 1 1 
1 0 0 0 

0 0 1 1 
1 0 1 0 
1 0 0 1 
0 0 1 1 

1 0 0 0 
1 0 0 1 
0 0 1 1 
1 1 0 0 

0 1 0 1 
0 1 0 0 
0 1 0 1 
0 1 0 1 


0 0 1 1 
0 1 0 0 
1 0 0 1 
0 0 1 1 

1 0 0 0 
1 0 0 1 
0 0 1 1 
1 1 0 0 

1 1 1 0 
1 0 1 0 
1 1 0 0 
0 0 1 1 

1 0 1 1 
1 1 0 0 
0 0 1 1 
0 0 1 1 


1 1 1 0 
0 1 1 0 
0 1 1 1 
0 0 1 1 

1 0 1 0 
0 1 1 0 
0 1 0 0 
1 0 0 0 

1 1 0 0 
1 0 0 1 
1 1 0 0 
1 0 0 1 


0 1 0 1 
0 0 1 1 
1 0 0 1 
0 0 1 0 

0 0 1 1 
0 1 1 1 
1 0 1 0 
0 1 0 1 


1 0 1 1 
0 1 1 0 
0 1 1 0 
1 0 1 0 



1 0 0 0 
0 0 1 1 
1 1 0 0 
0 1 1 1 

1 0 0 1 
1 0 0 1 
1 1 1 0 
1 1 1 0 

0 0 0 1 
0 1 0 1 
1 1 0 0 
1 1 1 0 

0 0 1 0 
1 0 0 1 
0 0 1 0 
1 0 1 1 

1 1 1 0 
0 1 1 1 
0 0 1 1 
0 1 1 0 

0 1 0 1 
1 0 0 1 
0 0 1 1 
0 0 0 1 

0 0 1 0 
1 1 1 0 
1 0 1 0 
0 1 1 1 

1 1 1 0 
0 0 1 0 
0 1 1 0 
1 0 0 1 

1 1 0 0 
1 1 0 0 
0 0 1 0 
1 0 0 0 


0 1 1 1 
0 1 0 1 
1 1 0 1 
0 1 0 1 

0 1 0 1 
0 1 1 1 
0 1 1 0 
0 0 1 1 

1 1 0 0 
1 0 1 0 
1 0 1 1 
1 0 0 1 

1 1 1 1 
1 1 1 0 
0 1 1 0 
1 0 0 1 

0 1 0 1 
1 0 1 1 
1 0 0 0 
1 0 1 0 

1 1 0 1 
0 1 0 1 
1 1 1 1 
1 0 1 0 

1 0 0 1 
0 0 1 1 
1 1 0 1 
0 0 1 1 

0 1 0 0 
0 0 1 1 
1 1 1 0 
1 1 0 0 


1 0 1 1 
1 0 1 1 
1 0 1 1 
0 0 1 1 

1 1 1 0 
0 0 0 1 
1 0 0 1 
1 1 0 0 

1 0 0 1 
1 0 1 0 
1 0 0 1 
0 0 1 1 

1 1 0 1 
1 0 1 0 
0 1 1 0 
0 0 0 1 

1 0 1 0 
0 0 1 1 
1 0 1 1 
0 1 0 1 

0 1 0 1 
1 0 1 1 
1 0 0 0 
1 0 0 0 

0 0 1 1 
0 0 0 1 
1 1 0 1 
0 0 1 1 


1 0 0 1 
1 1 0 0 
0 0 1 0 
1 0 1 1 

0 0 1 1 
1 0 0 1 
0 1 1 1 
0 1 1 0 

0 0 1 1 
1 0 0 1 
0 0 0 1 
0 1 1 0 

1 0 1 1 
1 1 0 0 
0 1 0 1 
0 0 1 0 

0 1 0 1 
1 0 1 1 
0 1 1 1 
1 0 1 0 

1 0 1 0 
1 1 1 0 
1 1 1 0 
0 0 1 0 


0 1 1 1 
1 0 1 0 
0 0 0 1 
0 1 0 1 

0 1 1 1 
0 1 1 0 
0 0 1 0 
1 0 1 1 

0 1 1 1 
1 1 1 0 
1 0 1 0 
1 0 1 0 

1 0 0 1 
1 0 0 0 
0 1 1 1 
1 0 0 0 

0 0 1 1 
1 0 0 1 
0 1 0 0 
1 0 0 1 


0 1 1 1 
0 1 0 1 
0 0 1 1 
0 1 1 1 

0 1 0 0 
0 1 1 1 
1 1 0 1 
1 0 0 0 

0 0 1 0 
1 0 0 1 
1 0 1 0 
1 1 0 1 

0 1 0 1 
1 0 0 0 
1 0 0 0 
1 0 1 1 


0 1 1 0 
1 0 1 0 
0 1 0 0 
1 0 0 1 

1 1 0 0 
1 0 1 0 
1 1 0 1 
0 0 1 0 

1 0 1 1 
1 1 1 1 
1 1 0 1 
1 0 0 0 


0 1 1 0 
1 0 0 0 
0 1 1 0 
0 0 1 1 

0 1 1 0 
1 0 0 1 
0 1 1 1 
0 0 1 0 


0 1 1 0 
0 1 0 1 
1 1 0 1 
1 1 1 0 



3 4 6 1 
7 4 3 10 
5 1 9 4 
3 1 6 5 
3 1 0 2 
9 8 4 10 
10 4 9 1 
7 4 8 6 
10 6 7 3 
4 6 7 8 

10 7 6 5 
8 6 3 9 
10 3 9 2 
2 3 4 9 
7 8 2 0 
2 8 10 1 
6 3 2 0 
8 6 1 4 
7 6 0 8 
8 6 5 10 

5 4 1 0 
3 2 5 10 
7 8 3 6 
10 9 7 3 

0 9 4 5 
7 9 8 3 
4 10 7 2 
3 2 4 10 

3 0 6 10 
2 6 7 3 
10 1 9 5 
10 2 1 0 

9 1 0 2 
2 0 5 3 
7 1 6 0 
7 8 5 2 

7 5 10 0 
0 10 3 7 
4 6 5 7 
7 10 6 4 

7 4 3 8 
1 9 10 3 
1 10 0 6 
1 9 3 4 

7 0 4 5 
9 6 8 7 
0 1 8 10 
6 7 4 10 

5 8 2 4 
5 0 4 10 
5 1 6 3 
8 4 7 0 

8 4 1 5 
10 4 2 3 
8 6 1 7 
7 6 4 8 


7 5 0 9 
1 8 2 10 
1 3 10 9 
1 0 10 3 

6 9 8 3 
6 5 3 4 
9 8 10 7 
6 3 8 4 

9 6 1 4 
1 7 3 8 
3 1 5 0 
5 0 1 6 

8 5 0 10 
2 7 4 9 
0 2 3 7 
4 8 2 0 

2 7 8 9 
3 4 9 1 
9 3 7 1 
8 4 3 1 

5 6 9 0 
10 5 0 6 
2 1 4 7 
1 5 2 3 

0 2 3 4 
4 1 6 5 
1 6 3 8 
8 3 2 9 

1 7 0 6 
3 10 2 6 
10 5 8 0 
6 8 10 3 


4 5 3 6 
9 1 6 4 
7 5 9 2 
1 6 4 10 

0 4 2 1 
4 3 5 7 
7 9 4 10 
3 7 5 0 

2 9 0 4 
3 6 7 2 
10 9 7 5 
3 6 7 1 

5 9 8 1 
9 5 0 2 
7 9 0 5 
1 8 6 0 

2 1 9 8 
7 2 4 10 
8 0 1 9 
9 7 4 0 

7 5 10 9 
5 7 8 4 
10 7 5 6 
8 3 10 9 

2 5 6 0 
6 10 2 1 
2 3 0 4 
5 6 4 1 


9 0 2 7 
2 6 9 8 
10 6 0 2 
1 6 10 5 

8 6 0 4 
1 3 5 7 
7 0 9 5 
3 2 1 9 

5 0 3 1 
3 0 5 10 
6 9 8 4 
6 7 0 9 

6 9 1 10 
0 5 7 9 
4 7 5 0 
6 3 7 1 

0 7 5 2 
0 2 4 8 
9 4 2 3 
9 8 4 10 

1 10 8 3 
5 3 2 9 
8 10 1 3 
4 5 3 0 


9 3 1 4 
6 3 5 7 
6 2 0 8 
3 5 8 7 

3 5 10 2 
8 9 0 7 
2 7 5 9 
2 7 9 3 

8 4 1 9 
2 9 0 10 
6 1 5 2 
6 10 2 0 

6 10 7 1 
8 10 7 3 
2 1 7 5 
5 10 8 2 

4 1 0 10 
3 5 1 0 
1 4 0 6 
0 1 5 6 


5 6 1 0 
8 7 3 4 
3 10 7 6 
0 3 8 1 

2 0 3 4 
10 4 9 6 
5 7 1 0 
10 5 9 6 

7 10 4 0 
9 1 6 7 
10 7 0 2 
7 0 8 1 

0 3 5 1 
6 5 4 2 
1 7 6 10 
7 4 2 3 


8 0 6 7 
0 6 1 10 
6 8 3 10 
4 1 5 10 

10 5 8 1 
5 9 7 6 
9 8 4 10 
5 1 9 10 

8 9 2 3 
9 7 3 4 
6 9 3 7 
7 6 1 5 


6 7 9 0 
8 10 1 5 
5 7 3 10 
4 2 10 3 

2 8 10 0 
8 7 4 9 
0 8 4 3 
9 6 7 3 


8 4 7 5 
4 10 1 2 
2 5 6 7 
10 5 0 2 



