421 327 202 75 
452 204 696 43 
327 554 253 149 
966 978 678 328 
766 856 982 805 
45 657 132 939 
503 366 877 883 
160 255 37 797 
232 478 675 522 
217 679 943 236 
318 826 885 838 

100 494 53 500 
323 271 1015 1024 
480 107 300 473 
798 928 585 740 
837 951 817 383 
310 148 74 991 
745 117 76 876 
553 423 706 732 
688 737 140 75 
297 779 711 923 
875 917 423 649 

124 666 445 157 
557 416 199 265 
154 864 45 635 
272 318 1018 977 
220 1009 303 94 
1011 187 868 236 
77 437 473 559 
714 325 1000 710 
962 623 638 1012 
730 439 864 831 
156 292 1016 181 

548 914 160 216 
902 646 78 338 
630 228 699 318 
245 325 68 876 
696 977 684 468 
79 804 350 972 
543 553 238 414 
268 95 528 550 
550 148 694 691 
290 240 85 776 
992 176 432 263 

552 532 497 313 
270 756 147 151 
163 926 700 707 
1015 996 1000 867 
389 558 183 603 
635 980 282 1021 
982 534 54 95 
510 229 549 445 
173 627 759 389 
991 851 290 155 
721 946 200 119 

627 656 329 865 
916 811 278 178 
529 786 201 505 
414 357 980 161 
532 874 342 97 
844 679 229 171 
745 280 617 166 
43 958 235 141 
441 944 481 825 
891 156 988 749 
427 828 928 754 

714 245 436 655 
483 133 281 367 
76 821 775 46 
628 234 1022 697 
422 956 314 54 
525 1009 554 487 
689 1000 736 393 
58 525 450 593 
385 731 577 553 
126 244 999 121 
988 67 850 221 

141 568 624 679 
200 330 486 491 
824 677 545 883 
774 108 997 196 
91 946 789 341 
260 448 311 687 
299 702 656 674 
692 245 584 327 
189 813 575 353 
935 53 113 404 
654 244 99 214 

860 345 897 57 
271 628 133 236 
76 872 1023 642 
703 461 150 536 
141 381 663 196 
280 902 882 188 
997 93 132 398 
38 136 160 147 
916 483 962 600 
424 643 40 434 
815 236 791 727 

230 664 666 403 
807 798 685 548 
555 460 333 420 
270 949 207 433 
39 560 625 465 
224 122 863 614 
983 596 463 901 
155 251 902 430 
429 699 603 611 
181 520 346 290 
128 584 35 847 

727 211 758 697 
822 395 158 413 
1018 207 108 664 
192 769 167 792 
450 585 123 629 
912 727 426 717 
941 979 740 553 
750 539 264 563 
163 596 419 125 
227 715 205 165 
531 471 930 751 

450 708 1016 418 
474 507 991 160 
674 481 718 268 
892 819 771 549 
623 40 304 484 
772 929 437 814 
520 736 769 853 
387 940 674 301 
933 34 610 727 
893 366 132 731 
786 155 739 570 

574 376 534 697 
570 939 593 1007 
922 371 979 875 
550 676 974 70 
1007 346 189 884 
640 773 1002 89 
755 262 129 643 
395 604 764 300 
924 440 684 895 
910 258 246 704 
730 426 281 107 

87 439 123 856 
691 927 75 402 
681 277 356 911 
715 182 895 541 
798 526 735 193 
60 487 387 92 
79 755 101 684 
311 822 615 271 
62 288 419 794 
210 443 1018 473 
193 849 97 358 

162 549 347 723 
786 687 551 597 
966 462 327 955 
177 187 370 677 
395 822 512 530 
616 713 935 802 
171 657 719 319 
263 72 57 510 
748 132 741 576 
978 329 698 188 
992 781 527 237 

305 809 329 192 
1009 622 408 789 
402 46 126 556 
238 550 952 631 
90 584 191 819 
479 165 660 633 
399 605 800 1012 
890 774 590 629 
665 587 216 225 
38 260 535 674 
314 873 824 194 

515 882 438 157 
937 344 686 464 
910 503 466 108 
768 1004 293 991 
380 959 660 333 
315 452 976 771 
884 870 680 848 
413 78 509 552 
187 906 361 637 
837 925 873 700 
641 462 941 566 

817 776 48 388 
993 227 856 529 
207 881 232 471 
575 166 369 879 
120 717 721 401 
289 420 182 87 
775 223 259 313 
948 223 718 518 
66 950 178 870 
643 365 902 82 
60 809 56 841 

1019 112 359 865 
116 563 457 242 
58 491 611 170 
260 130 397 160 
670 583 772 721 
647 588 589 259 
559 76 720 979 
153 194 166 912 
746 639 809 842 
149 121 519 721 
482 75 877 608 

413 84 809 144 
177 278 735 270 
648 508 606 353 
878 363 522 47 
350 1005 312 617 
982 228 443 424 
937 544 806 640 
728 985 948 556 
586 300 185 69 
59 913 795 234 
319 985 862 399 

640 426 384 884 
816 398 776 655 
775 529 154 343 
490 295 395 132 
802 775 820 136 
360 697 961 226 
131 411 209 522 
678 912 765 634 
142 947 836 182 
857 210 586 222 
989 274 324 582 

74 435 470 51 
390 587 126 305 
656 266 609 690 
920 364 530 201 
838 747 697 164 
199 873 71 892 
869 481 269 772 
291 559 306 904 
943 263 815 830 
168 813 536 571 
760 986 1011 693 

478 692 191 657 
527 885 178 620 
555 1008 546 665 
92 987 74 445 
490 758 500 532 
418 874 222 826 
586 619 779 817 
1021 504 992 886 
931 150 990 616 
347 879 596 271 
585 950 364 468 

181 386 106 354 
199 379 927 997 
396 153 720 576 
657 240 472 864 
956 619 745 642 
493 56 910 80 
216 1007 694 211 
1009 621 168 213 
854 446 337 673 
808 534 127 270 
855 878 783 586 


997 741 916 402 
673 96 170 949 
50 494 596 348 
345 191 898 983 
933 457 460 521 
694 80 764 857 
507 174 588 254 
1022 452 155 905 
303 224 578 380 
490 990 610 476 
753 640 905 863 

572 164 679 852 
471 793 860 678 
516 35 200 765 
461 303 718 596 
96 901 528 966 
352 852 286 59 
787 224 835 516 
785 39 1023 968 
231 697 624 1007 
362 453 132 717 
600 980 315 767 

383 608 409 61 
948 103 113 447 
799 722 603 701 
699 170 498 47 
901 442 383 363 
891 49 710 550 
728 338 1002 671 
819 131 642 997 
932 79 65 289 
231 593 127 505 
916 77 303 399 

630 944 777 974 
727 971 431 471 
801 145 60 134 
527 580 213 533 
905 827 988 448 
607 165 630 909 
464 508 533 429 
164 657 841 522 
496 342 336 441 
273 452 720 926 
644 509 44 353 

875 338 465 179 
939 978 977 620 
557 691 72 40 
189 632 421 352 
223 189 299 567 
886 498 356 590 
895 315 413 756 
911 122 59 495 
533 675 745 349 
505 36 347 387 
910 786 258 571 

378 602 473 919 
303 490 962 416 
850 743 736 725 
388 165 900 675 
560 131 868 216 
206 879 660 430 
146 47 291 824 
592 518 767 864 
662 470 375 416 
810 397 404 813 
791 803 580 359 

837 309 730 984 
44 897 415 1008 
667 890 593 991 
727 736 856 859 
985 281 369 85 
559 459 271 751 
995 653 319 374 
957 231 528 769 
380 349 715 137 
752 522 626 517 
926 324 562 885 

752 312 717 63 
379 521 675 325 
655 635 457 364 
443 554 625 67 
779 810 278 820 
303 855 1007 981 
917 838 182 179 
353 351 889 975 
184 452 256 82 
819 553 585 981 
525 57 860 749 

366 816 152 806 
197 60 560 143 
794 569 463 803 
283 873 367 740 
857 56 64 366 
594 759 909 519 
194 699 511 607 
978 885 454 546 
312 738 620 605 
992 233 607 362 
870 726 865 119 

104 335 319 964 
503 97 829 974 
85 727 876 695 
159 71 149 583 
1013 389 949 97 
974 447 826 739 
356 728 450 510 
685 854 226 610 
158 785 72 563 
371 337 973 741 
114 667 420 902 

60 897 217 796 
817 817 491 651 
327 635 673 294 
391 836 457 518 
132 952 49 887 
559 362 641 782 
531 658 868 694 
640 186 73 49 
916 176 538 574 
189 976 747 784 
929 442 424 793 

476 701 753 749 
778 790 1015 910 
792 131 728 782 
603 342 946 422 
762 619 670 464 
913 771 994 111 
436 870 555 880 
728 894 202 617 
90 398 825 95 
274 886 379 508 
468 552 414 397 

885 367 243 525 
166 838 731 838 
89 683 452 348 
267 706 640 408 
624 540 393 544 
793 550 603 427 
143 1009 919 541 
894 458 957 993 
883 333 110 183 
993 817 480 335 
503 682 770 480 

948 607 597 236 
162 191 843 498 
852 49 767 74 
836 714 289 928 
39 557 1019 154 
922 658 419 584 
878 739 880 383 
1020 821 424 108 
985 343 924 304 
135 114 440 975 
663 73 857 329 

494 88 578 229 
406 709 671 986 
454 886 685 33 
909 459 599 388 
232 64 118 894 
1008 766 157 371 
67 909 1017 411 
834 906 917 557 
555 959 449 836 
516 188 265 573 
398 79 169 903 

330 751 129 366 
513 802 646 486 
34 357 374 626 
887 89 262 139 
46 158 40 339 
407 474 542 838 
759 361 139 508 
825 32 476 532 
360 588 998 195 
307 592 972 261 
397 181 262 116 

42 141 639 214 
619 330 324 961 
388 359 224 370 
491 935 518 191 
580 820 642 629 
82 865 888 683 
531 838 809 455 
583 918 157 321 
624 575 900 648 
726 949 722 212 
966 871 687 102 

199 43 913 149 
838 51 604 926 
292 604 656 51 
889 415 820 886 
546 43 307 179 
246 1000 285 290 
614 995 349 642 
823 637 713 402 
524 399 913 688 
757 173 854 642 
406 1018 516 341 

679 468 551 557 
548 256 731 857 
40 813 631 981 
577 389 940 415 
839 608 650 195 
220 634 355 614 
1017 206 318 871 
239 328 756 222 
964 580 464 103 
763 65 611 724 
870 840 555 201 

539 237 481 692 
653 320 239 979 
474 906 262 232 
84 513 958 1015 
565 839 424 750 
458 733 470 623 
384 506 373 787 
37 870 103 506 
784 247 278 134 
836 599 640 384 
839 503 959 378 

169 967 952 649 
987 970 230 863 
981 423 321 322 
243 616 618 556 
324 1004 103 477 
256 238 39 717 
278 664 201 535 
726 610 860 485 
178 160 819 849 
620 74 51 966 
915 306 900 41 

295 384 973 151 
314 783 269 477 
840 785 613 586 
112 490 437 764 
265 824 633 676 
299 67 631 370 
588 385 756 54 
442 340 125 221 
756 959 670 118 
566 889 402 496 
524 499 731 659 

1009 116 752 97 
411 529 223 118 
776 528 539 427 
519 820 39 451 
243 529 543 498 
715 570 623 760 
834 438 166 705 
344 99 972 704 
813 44 664 890 
871 241 477 554 
955 873 887 1005 

216 687 602 700 
87 92 338 80 
993 847 560 783 
786 580 890 894 
157 940 1024 714 
48 246 589 835 
375 828 193 306 
303 144 739 81 
347 487 782 845 
930 457 512 330 
276 940 146 129 


521 610 384 189 
535 126 234 566 
798 146 531 454 
158 737 845 646 

663 785 775 187 
924 335 118 813 
499 673 306 403 
776 170 927 48 

615 363 160 102 
339 671 303 110 
546 677 410 132 
164 958 934 185 

679 620 660 544 
618 369 991 195 
675 103 371 408 
83 742 903 833 

910 53 363 902 
446 977 177 468 
935 928 388 50 
399 978 438 674 

712 549 590 814 
597 135 70 50 
964 888 377 882 
193 783 477 572 

559 477 290 513 
324 858 525 570 
952 583 462 396 
487 739 282 532 

470 49 461 239 
246 134 954 517 
293 618 143 747 
918 726 764 894 

718 53 343 601 
978 250 147 350 
750 913 758 731 
916 998 727 111 

641 618 266 621 
517 139 524 224 
377 476 745 933 
1000 100 276 585 

64 363 584 454 
280 616 329 849 
558 52 285 294 
822 661 825 280 

126 1000 221 918 
46 653 564 705 
676 498 528 682 
774 602 390 936 

908 515 880 859 
83 658 430 588 
874 550 214 893 
416 244 757 732 

1021 68 899 739 
118 271 881 39 
958 71 813 721 
835 516 79 746 

698 471 486 444 
838 939 44 121 
406 1015 525 796 
448 305 489 284 

605 329 177 101 
784 347 385 741 
266 161 946 63 
467 951 799 57 

124 325 478 591 
80 290 781 494 
151 433 579 502 
671 655 163 272 

603 246 275 830 
504 450 721 164 
986 489 946 839 
741 686 355 282 

532 274 911 644 
493 149 74 931 
236 866 571 806 
868 89 844 831 

662 976 926 839 
596 203 211 888 
82 477 121 500 
884 495 439 528 

621 464 80 334 
162 977 919 1007 
669 799 963 446 
437 176 182 422 

688 51 1005 513 
710 63 368 144 
198 747 809 623 
761 79 556 181 

85 444 776 166 
347 59 767 570 
383 879 35 246 
119 116 334 284 


740 265 558 804 
695 287 873 492 
934 286 714 627 
757 532 478 1000 

530 199 181 737 
1000 789 443 527 
843 854 703 108 
69 365 675 701 

723 404 345 286 
610 384 978 691 
767 998 164 997 
493 417 972 938 

538 523 742 709 
473 395 883 96 
661 571 377 803 
985 899 506 741 

1018 946 383 558 
949 934 627 843 
236 136 922 145 
172 728 930 506 

228 489 615 723 
482 1024 844 140 
771 731 809 268 
645 248 970 783 

353 918 296 709 
595 726 231 245 
300 594 320 921 
935 344 472 831 

442 649 393 913 
423 685 350 906 
176 949 617 674 
265 599 688 288 

933 972 453 210 
318 319 600 688 
711 666 822 533 
664 628 265 864 

176 549 922 113 
656 211 495 175 
735 470 140 56 
91 499 550 849 

343 1020 298 469 
496 454 544 652 
723 918 106 681 
948 797 704 298 

699 691 779 909 
257 972 60 997 
996 759 834 903 
482 643 517 781 

364 1019 610 595 
105 679 248 143 
348 867 681 141 
684 480 452 1009 

780 784 841 301 
595 744 283 397 
964 627 755 222 
1015 971 718 541 

666 835 102 114 
101 42 549 638 
720 529 443 447 
838 326 758 902 

924 654 235 209 
547 421 425 615 
617 586 392 285 
464 444 808 799 

546 181 476 307 
517 409 547 80 
835 723 330 862 
690 251 647 489 

47 354 650 73 
626 498 82 182 
443 646 409 55 
761 976 168 268 

655 844 646 956 
908 385 638 656 
985 145 204 333 
622 837 313 1000 

511 411 795 70 
538 819 100 840 
558 569 65 376 
467 823 830 355 

713 437 33 877 
820 449 1019 827 
951 1018 980 181 
37 724 575 555 

560 282 829 541 
854 135 498 464 
984 522 642 268 
949 928 527 606 


633 605 806 668 
1013 155 594 365 
449 423 1003 957 
51 633 41 719 

986 815 1015 878 
897 395 741 792 
962 594 845 978 
565 619 462 44 

416 289 584 641 
524 697 60 414 
889 503 376 37 
234 572 158 1019 

1013 777 553 574 
843 803 493 991 
440 443 754 818 
318 873 552 733 

844 569 872 901 
295 957 386 61 
994 300 843 300 
866 427 931 756 

915 187 874 68 
724 186 96 538 
56 766 839 728 
190 1001 256 553 

642 874 273 659 
476 187 516 179 
771 579 522 368 
103 38 57 586 

786 397 987 691 
858 602 303 948 
1014 206 87 51 
68 199 842 405 

320 298 777 213 
850 245 210 678 
207 912 336 900 
525 187 850 451 

730 598 858 106 
767 133 820 327 
37 600 298 186 
610 724 698 735 

109 783 35 242 
717 416 996 816 
419 530 197 431 
842 144 413 605 

781 890 836 470 
836 1024 594 552 
704 41 632 948 
38 851 151 747 

63 462 672 95 
735 636 408 360 
870 396 944 92 
825 510 213 665 

1018 212 903 232 
239 414 981 300 
948 669 1008 942 
194 766 138 121 

1001 1022 915 89 
85 63 191 136 
324 772 960 135 
357 209 419 548 

971 59 908 87 
672 882 68 102 
879 566 141 281 
533 473 165 545 

434 843 345 41 
890 609 909 907 
722 627 113 290 
617 969 125 600 

479 479 345 730 
182 142 632 163 
656 933 397 787 
592 1011 641 989 

721 463 773 556 
202 80 503 201 
890 47 81 777 
337 726 278 971 

658 301 698 361 
173 182 831 519 
752 668 683 712 
504 656 910 580 

627 347 660 543 
557 249 259 641 
348 389 653 39 
706 273 158 367 


709 508 260 925 
574 674 634 958 
413 966 694 346 
763 428 272 290 

719 134 642 815 
598 1019 756 178 
581 311 851 338 
960 139 1017 757 

947 119 620 194 
38 475 362 717 
106 902 265 852 
501 625 343 245 

44 397 81 267 
874 489 113 626 
139 529 747 211 
97 472 1016 409 

572 35 597 761 
768 361 779 264 
559 877 589 191 
965 310 519 98 

742 1002 274 68 
126 111 943 161 
343 582 896 979 
265 783 342 773 

525 250 696 107 
563 360 959 561 
1018 887 458 360 
309 608 947 467 

682 654 785 350 
485 792 127 110 
713 896 416 80 
310 729 973 845 

1015 990 611 223 
174 940 919 528 
695 742 334 544 
125 570 34 784 

897 187 166 54 
836 586 233 164 
900 472 177 45 
201 548 898 425 

249 856 328 626 
928 208 173 418 
753 668 1019 310 
353 76 102 635 

926 359 62 406 
735 723 621 492 
835 614 62 204 
280 198 48 512 

795 899 808 44 
380 313 697 92 
900 433 671 708 
303 512 178 951 

959 39 717 906 
282 209 329 497 
330 751 327 703 
670 687 1004 167 

858 282 606 552 
524 949 734 963 
669 53 308 844 
206 224 699 307 

929 461 682 426 
123 621 524 995 
114 964 234 237 
632 280 289 546 

997 261 487 294 
630 212 482 334 
104 486 368 824 
793 698 143 755 

334 352 62 446 
327 212 228 113 
350 470 154 628 
551 337 640 653 

543 490 605 338 
785 507 783 757 
272 304 158 1020 
887 796 311 206 

896 359 578 907 
47 731 673 708 
477 889 913 136 
40 93 504 452 


227 959 451 431 
304 953 307 531 
745 645 708 35 
782 564 213 510 

658 484 511 230 
948 930 501 818 
607 716 924 915 
406 550 205 78 

753 457 762 361 
83 321 682 79 
695 556 927 425 
198 91 376 89 

897 338 727 325 
503 671 74 895 
1022 884 715 840 
402 628 930 712 

344 643 672 572 
984 367 278 483 
636 48 144 154 
452 440 913 366 

309 683 545 863 
384 895 341 751 
939 748 463 63 
613 435 904 888 

394 276 849 84 
467 986 540 882 
460 1013 989 629 
240 305 530 894 

1018 649 746 465 
814 588 826 820 
927 627 1003 697 
188 697 186 524 

736 86 943 752 
992 39 535 943 
286 338 686 446 
631 278 559 257 

170 963 415 153 
937 255 936 914 
76 590 128 222 
839 327 329 312 

531 881 920 409 
59 636 840 353 
949 400 401 526 
727 203 289 235 

55 615 906 905 
177 821 575 748 
224 206 408 190 
180 82 721 755 

340 325 672 522 
613 910 295 432 
228 65 175 280 
714 570 984 504 

412 362 164 716 
215 110 789 572 
282 490 898 582 
764 957 779 209 

376 109 905 275 
554 542 453 129 
227 600 907 198 
60 380 465 656 

501 716 686 848 
258 441 784 460 
701 36 706 74 
840 301 991 881 

163 338 363 801 
354 961 723 226 
748 1009 416 903 
157 290 351 654 

280 700 223 332 
69 393 799 934 
325 52 734 801 
153 239 770 964 

474 684 604 530 
623 48 974 163 
831 556 105 521 
788 64 783 766 


119 179 973 728 
962 598 161 561 
972 436 463 825 
855 344 807 561 

925 934 250 203 
406 206 188 820 
999 497 211 872 
791 575 612 983 

158 324 882 931 
547 690 166 267 
463 869 205 790 
869 591 885 124 

141 353 549 942 
294 428 333 293 
1024 618 46 340 
539 492 706 255 

825 929 35 165 
352 974 714 844 
1024 878 684 72 
1022 41 355 49 

569 93 809 352 
530 76 86 775 
122 77 857 403 
884 624 166 536 

131 313 169 902 
160 758 370 1010 
373 810 436 683 
148 661 871 555 

216 136 865 937 
388 402 40 469 
866 763 677 483 
840 959 573 744 

965 319 582 894 
593 865 595 398 
203 501 819 317 
701 612 993 772 

427 102 88 307 
436 971 766 756 
696 442 128 271 
635 895 817 910 

864 449 984 968 
928 339 1024 188 
583 534 278 809 
601 182 458 997 

834 590 950 760 
74 97 395 452 
682 764 96 118 
223 1013 89 678 

127 501 376 260 
512 764 905 890 
689 710 394 938 
309 653 707 688 

613 524 957 187 
265 536 910 234 
623 906 995 73 
552 558 889 367 

599 110 229 331 
689 938 193 242 
562 827 392 127 
162 635 118 829 

515 183 568 837 
641 233 113 694 
590 773 147 353 
528 749 201 1021 

439 514 529 324 
877 169 934 844 
592 419 655 859 
63 1016 418 490 

694 588 976 334 
724 722 486 788 
268 373 882 297 
692 437 287 179 


940 96 283 384 
84 164 443 802 
1010 332 651 389 
346 69 864 1003 

748 867 587 398 
48 804 1014 849 
88 676 1013 712 
1016 164 107 308 

306 1014 40 292 
395 451 758 802 
857 55 208 717 
819 173 752 790 

746 924 147 937 
699 374 115 99 
642 708 351 501 
623 924 275 802 

812 593 946 1017 
917 211 699 1017 
939 501 682 909 
95 586 719 506 

70 544 198 974 
268 500 764 396 
725 774 59 196 
539 246 731 881 

546 678 1010 646 
547 384 339 125 
710 274 970 951 
918 851 97 32 

312 144 226 50 
130 286 272 734 
46 209 353 161 
946 627 932 877 

672 852 407 641 
382 294 875 584 
363 872 942 895 
132 914 721 750 

330 172 997 184 
1015 1004 166 702 
974 467 370 959 
35 696 997 426 

726 741 539 953 
991 919 427 910 
888 208 919 76 
691 33 325 108 

208 783 960 770 
1018 516 695 231 
863 950 75 733 
611 501 70 597 

790 716 556 65 
918 732 915 504 
177 463 505 718 
398 482 128 321 

675 188 166 515 
607 713 784 869 
548 667 204 961 
761 840 1006 804 

451 512 847 401 
580 284 421 788 
563 74 848 482 
172 588 109 238 

299 254 851 304 
971 791 975 887 
913 296 260 68 
480 433 1016 418 

498 59 840 201 
371 768 500 770 
469 886 936 676 
149 964 450 834 


447 616 368 740 
312 127 829 370 
1002 699 738 195 
285 942 61 160 

178 731 233 702 
187 666 122 214 
714 158 445 653 
90 1018 779 887 

706 655 954 997 
795 331 821 253 
300 746 101 299 
122 141 106 819 

37 728 844 217 
177 247 572 823 
307 148 304 1012 
935 81 782 46 

428 194 737 815 
728 330 531 414 
443 772 381 332 
357 731 176 615 

515 723 38 994 
121 492 850 398 
546 644 537 619 
84 469 737 262 

312 1024 603 920 
592 940 494 728 
265 439 166 708 
685 303 846 439 

144 781 194 179 
132 335 537 472 
302 109 563 173 
35 736 85 452 

541 620 188 671 
497 144 516 855 
905 837 955 879 
1019 893 521 985 

779 350 691 841 
445 966 529 687 
690 975 443 322 
854 813 461 327 

437 353 72 903 
712 272 612 311 
528 712 109 434 
522 433 208 1009 

875 789 750 250 
664 333 220 876 
618 472 658 953 
502 665 775 142 

719 229 593 726 
259 262 773 226 
693 443 341 375 
897 289 842 399 

652 908 965 850 
902 146 384 869 
498 720 918 997 
401 421 996 137 

70 739 238 89 
904 555 453 559 
805 978 131 560 
679 916 889 196 

389 732 158 741 
622 590 879 308 
321 846 658 344 
601 570 1016 944 


387 354 904 58 
762 191 224 900 
66 589 337 84 
775 697 226 367 

149 910 627 560 
586 1018 703 373 
112 575 771 705 
500 594 981 419 

104 706 645 663 
673 989 261 230 
389 710 609 802 
252 534 695 933 

33 416 982 39 
314 458 130 602 
300 625 510 135 
815 268 921 848 

370 32 895 110 
799 775 365 523 
348 165 296 938 
845 682 513 402 

755 917 113 244 
602 394 893 121 
797 523 47 183 
860 720 37 53 

435 116 103 37 
129 68 771 834 
841 905 492 99 
289 812 530 666 

598 643 56 136 
67 140 58 119 
102 446 145 550 
101 952 526 817 

197 63 531 913 
641 44 78 113 
703 243 911 192 
235 121 432 149 

193 873 551 542 
663 1007 541 403 
194 909 257 485 
642 784 933 445 

509 889 420 985 
86 672 462 566 
825 599 243 520 
103 957 198 975 

105 335 994 783 
525 358 417 237 
533 588 198 677 
422 746 500 744 

375 730 612 270 
453 793 925 231 
389 531 999 827 
261 891 486 244 

521 169 209 272 
716 646 733 533 
269 251 107 251 
742 646 977 727 

445 688 154 184 
939 237 765 366 
854 659 782 957 
196 612 331 777 


1019 679 871 87 
364 868 85 35 
161 588 81 742 
951 796 155 530 

172 406 392 777 
45 40 468 563 
537 826 257 729 
1003 280 852 453 

69 872 588 756 
438 568 41 863 
946 185 687 648 
663 723 828 957 

470 51 425 419 
772 442 563 218 
633 87 822 141 
372 262 82 579 

825 175 405 242 
80 375 118 751 
495 73 182 901 
481 1024 992 643 

970 1007 314 36 
433 320 504 93 
1021 1023 827 589 
143 777 322 477 

217 379 542 598 
810 131 790 268 
892 324 861 385 
468 272 754 717 

568 338 680 50 
403 988 293 719 
196 620 128 274 
374 644 712 805 

160 506 378 590 
75 149 156 113 
520 330 202 461 
605 129 899 238 

891 742 992 881 
663 262 125 381 
1003 101 784 232 
184 510 344 155 

675 884 669 697 
493 939 104 748 
936 316 804 873 
951 914 454 479 

575 185 145 129 
38 828 333 332 
258 354 394 907 
340 904 847 807 

257 128 957 335 
635 354 318 405 
594 384 647 261 
92 702 284 646 

978 525 750 482 
326 418 697 749 
856 497 691 237 
502 59 187 246 


340 910 847 65 
47 841 566 184 
261 673 368 328 
480 530 181 181 

541 668 673 309 
429 200 67 718 
491 836 340 164 
121 256 710 40 

931 39 778 54 
135 422 185 697 
642 667 129 180 
861 78 775 435 

994 899 772 86 
504 71 224 370 
927 233 478 844 
469 611 832 99 

700 515 226 103 
61 77 697 562 
851 552 376 474 
511 998 125 601 

395 873 560 795 
207 702 900 621 
220 574 418 1022 
221 270 646 839 

931 77 929 651 
693 920 303 39 
165 956 383 992 
775 284 1006 526 

68 526 57 297 
843 740 86 531 
1017 993 650 103 
638 168 337 62 

650 689 524 328 
493 559 419 515 
414 885 215 509 
323 1024 481 468 

957 787 369 752 
776 717 668 570 
779 674 1005 942 
447 208 694 1022 

538 155 588 402 
227 549 199 223 
64 935 362 751 
502 120 50 730 

892 761 609 813 
826 377 856 805 
157 715 924 410 
122 210 931 552 

221 75 76 1011 
1015 654 304 96 
250 488 819 836 
736 996 800 78 


637 298 89 934 
698 537 506 676 
58 400 693 144 
607 607 733 651 

466 133 804 990 
916 414 188 645 
818 838 713 454 
793 628 208 242 

130 64 791 212 
818 300 85 899 
202 949 740 205 
847 475 508 792 

308 680 909 162 
950 579 685 646 
546 110 454 380 
977 333 920 184 

43 197 875 446 
711 272 692 476 
738 544 636 577 
620 556 567 309 

202 35 404 52 
181 898 315 594 
625 157 538 305 
193 421 614 224 

516 277 450 475 
432 466 84 395 
957 47 222 260 
130 877 805 366 

353 110 710 394 
464 330 884 178 
836 178 530 640 
575 52 859 350 

943 620 269 316 
617 322 106 653 
856 66 54 514 
97 271 507 711 

670 207 773 188 
400 976 424 491 
101 789 609 932 
608 567 914 724 

783 374 824 722 
349 924 918 229 
348 866 795 920 
241 51 391 491 

635 182 419 889 
780 638 320 933 
931 330 513 84 
531 831 448 714 


984 865 747 536 
770 449 948 903 
296 124 399 937 
380 943 611 886 

769 108 982 754 
559 884 921 810 
570 331 902 313 
132 785 205 756 

699 612 39 646 
845 332 960 895 
139 294 995 973 
647 576 259 757 

475 780 319 583 
516 57 660 668 
908 672 904 265 
691 68 651 485 

612 58 419 1017 
300 947 284 196 
543 682 396 359 
720 95 155 854 

196 813 635 625 
701 60 897 566 
365 440 641 932 
83 732 703 786 

1000 744 379 255 
519 73 892 701 
658 868 694 961 
297 959 279 764 

208 267 276 888 
448 957 124 893 
363 861 984 792 
980 320 438 391 

966 463 345 580 
136 70 888 263 
932 723 695 821 
545 142 561 494 

135 399 728 749 
913 227 400 132 
803 98 441 538 
359 1023 521 970 

617 158 535 887 
286 987 684 907 
766 805 764 505 
1017 643 1005 581 


345 989 774 962 
889 49 548 398 
734 602 392 238 
151 531 241 329 

703 742 992 420 
916 807 441 495 
155 529 266 670 
278 646 848 76 

205 790 290 661 
536 524 258 866 
493 935 245 782 
794 589 989 64 

223 711 93 862 
697 47 780 285 
485 515 298 220 
131 371 372 201 

376 420 978 889 
251 127 307 171 
952 284 434 766 
999 803 659 368 

1020 257 901 341 
430 980 548 1001 
231 346 886 228 
144 225 115 206 

541 203 445 767 
600 465 180 938 
60 803 510 749 
559 956 830 506 

1007 1017 542 660 
822 816 640 85 
72 58 192 616 
472 327 262 161 

933 871 974 929 
884 142 586 809 
145 228 793 510 
976 719 769 376 

716 96 252 263 
363 864 937 68 
937 585 458 593 
647 749 1021 70 


740 186 872 300 
163 351 531 182 
610 42 623 321 
246 252 589 840 

716 262 413 592 
423 752 744 1014 
107 591 995 297 
103 198 462 397 

307 107 343 926 
389 637 273 782 
125 302 422 592 
655 405 648 995 

212 208 588 729 
73 625 455 268 
134 66 472 921 
762 308 506 698 

769 182 891 342 
327 186 246 84 
232 128 863 996 
392 340 234 582 

196 295 801 543 
422 258 483 197 
683 868 181 838 
623 69 419 497 

388 550 232 534 
213 853 890 518 
823 459 274 131 
847 449 918 925 

501 607 191 513 
630 352 974 205 
44 716 69 588 
161 854 345 855 

326 222 796 925 
380 120 312 149 
764 914 1001 444 
889 524 445 465 


464 682 127 520 
140 287 253 762 
579 145 284 732 
192 627 148 380 

787 276 330 514 
783 400 748 504 
79 724 517 280 
221 438 32 684 

985 699 875 421 
524 243 394 284 
57 415 849 323 
372 382 1010 245 

605 747 273 377 
1003 493 164 973 
904 919 299 848 
438 519 239 262 

689 386 315 818 
582 754 109 158 
475 517 740 210 
269 126 794 139 

190 769 526 593 
729 443 113 105 
251 949 739 923 
118 453 905 594 

671 222 807 413 
963 925 854 900 
526 675 98 1011 
640 856 193 631 

928 55 1024 447 
140 860 763 476 
991 951 503 836 
223 955 375 1014 


203 645 535 885 
89 998 1012 665 
60 203 463 40 
753 686 933 446 

127 771 34 941 
77 626 266 35 
492 930 377 857 
190 774 491 784 

575 956 396 738 
715 485 384 307 
361 202 897 938 
210 584 687 34 

472 646 232 549 
67 512 240 119 
45 41 728 639 
809 273 850 581 

789 386 842 47 
308 582 612 456 
396 711 59 325 
320 526 798 760 

474 633 754 963 
554 619 143 83 
538 825 377 271 
129 774 138 390 

807 470 570 649 
629 239 553 528 
227 270 617 570 
418 421 494 985 


993 207 265 564 
1019 939 592 863 
915 674 181 791 
886 916 822 732 

288 567 449 698 
89 714 768 559 
611 544 247 509 
937 877 617 842 

327 338 409 705 
569 189 845 701 
727 883 927 831 
196 1023 629 180 

681 65 869 167 
638 974 639 116 
654 573 1016 493 
770 309 683 756 

460 548 570 411 
597 94 936 1003 
545 819 832 130 
54 578 679 646 

472 500 367 887 
960 96 665 868 
327 252 1016 279 
179 231 825 414 


921 76 313 509 
509 808 652 839 
201 112 654 52 
44 291 737 337 

883 124 536 128 
734 482 910 531 
353 325 322 615 
669 171 308 51 

737 75 109 628 
781 525 290 828 
980 715 948 380 
141 958 403 50 

942 686 977 234 
115 1005 221 310 
533 708 1008 136 
226 972 478 80 

811 213 777 152 
675 252 629 53 
469 592 206 509 
356 659 849 980 


773 610 375 620 
76 412 512 108 
454 725 650 675 
398 349 115 473 

865 326 976 961 
196 78 262 531 
720 595 957 728 
797 294 585 512 

359 456 774 397 
497 1014 421 380 
379 804 138 270 
265 705 593 908 

675 579 821 158 
661 460 525 904 
303 517 320 562 
790 541 849 82 


424 273 915 865 
188 750 241 50 
820 626 904 723 
831 819 455 584 

164 590 603 553 
942 497 847 442 
851 35 69 704 
607 50 589 851 

181 633 982 540 
297 726 677 831 
956 103 944 210 
600 572 720 45 


84 986 522 740 
392 534 973 708 
112 911 315 477 
784 457 482 982 

139 429 745 847 
125 511 121 243 
772 100 597 655 
394 776 357 929 


172 690 635 439 
58 554 435 321 
232 712 706 363 
113 330 524 369 



0 1 0 1 
0 1 1 0 
0 1 1 0 
1 0 0 1 
0 1 1 0 
0 1 1 0 
0 0 1 1 
0 1 1 0 
1 0 0 1 
0 1 0 1 
1 0 1 0 

0 1 0 1 
0 1 0 1 
0 1 0 1 
1 0 1 0 
1 0 1 0 
0 1 0 1 
0 1 0 1 
1 0 1 0 
1 0 1 0 
1 0 0 1 
1 0 0 1 

0 1 1 0 
1 1 0 0 
0 1 0 1 
0 1 1 0 
1 0 1 0 
1 0 0 1 
0 0 1 1 
0 1 0 1 
1 0 1 0 
1 0 0 1 
1 0 1 0 

0 0 1 1 
0 1 1 0 
1 1 0 0 
1 1 0 0 
0 1 1 0 
0 1 0 1 
1 0 1 0 
1 0 1 0 
0 1 1 0 
0 1 0 1 
0 1 0 1 

1 1 0 0 
1 0 0 1 
0 1 1 0 
1 0 0 1 
0 0 1 1 
1 0 1 0 
1 0 0 1 
0 1 1 0 
0 0 1 1 
0 1 1 0 
0 1 1 0 

0 0 1 1 
0 1 1 0 
0 1 1 0 
0 1 1 0 
0 1 0 1 
0 1 1 0 
0 1 0 1 
0 1 0 1 
0 1 0 1 
1 1 0 0 
0 0 1 1 

1 0 0 1 
0 1 1 0 
0 1 0 1 
1 0 1 0 
1 0 0 1 
0 1 0 1 
0 0 1 1 
0 1 0 1 
0 1 1 0 
1 0 0 1 
1 0 1 0 

1 0 1 0 
0 0 1 1 
0 1 0 1 
0 1 0 1 
1 1 0 0 
1 0 1 0 
1 0 0 1 
1 0 0 1 
1 0 1 0 
1 0 1 0 
0 0 1 1 

0 0 1 1 
1 0 0 1 
1 0 0 1 
1 1 0 0 
0 0 1 1 
0 1 0 1 
1 0 1 0 
1 0 1 0 
0 1 0 1 
0 0 1 1 
0 0 1 1 

1 0 0 1 
1 0 0 1 
1 0 1 0 
0 0 1 1 
0 0 1 1 
1 0 0 1 
1 0 1 0 
1 0 0 1 
1 0 1 0 
0 1 0 1 
0 1 0 1 

0 1 1 0 
0 0 1 1 
1 0 1 0 
1 0 1 0 
1 0 0 1 
1 0 0 1 
0 1 1 0 
0 1 1 0 
0 0 1 1 
1 1 0 0 
1 0 0 1 

1 0 1 0 
1 0 1 0 
1 0 1 0 
1 1 0 0 
1 0 1 0 
1 0 0 1 
1 0 0 1 
1 1 0 0 
1 1 0 0 
1 0 0 1 
1 0 0 1 

1 1 0 0 
0 1 1 0 
0 0 1 1 
1 0 0 1 
1 0 1 0 
1 0 1 0 
1 1 0 0 
0 1 1 0 
1 0 0 1 
1 1 0 0 
1 1 0 0 

0 0 1 1 
0 1 0 1 
0 1 0 1 
0 1 1 0 
0 1 1 0 
0 0 1 1 
0 1 1 0 
0 1 1 0 
1 0 0 1 
0 1 1 0 
0 1 0 1 

1 0 0 1 
1 1 0 0 
0 0 1 1 
1 1 0 0 
1 0 1 0 
0 1 1 0 
0 0 1 1 
0 0 1 1 
1 0 0 1 
1 0 0 1 
0 0 1 1 

1 0 1 0 
1 0 1 0 
1 1 0 0 
0 1 0 1 
0 1 1 0 
0 1 0 1 
0 1 0 1 
1 1 0 0 
0 1 0 1 
1 0 1 0 
0 1 0 1 

1 0 1 0 
0 1 0 1 
1 0 1 0 
0 0 1 1 
1 1 0 0 
1 0 1 0 
1 0 0 1 
0 1 0 1 
1 0 1 0 
0 0 1 1 
1 1 0 0 

0 1 1 0 
1 0 1 0 
1 1 0 0 
0 1 1 0 
0 1 1 0 
0 0 1 1 
0 1 0 1 
0 1 1 0 
0 1 0 1 
0 1 1 0 
1 0 1 0 

0 0 1 1 
0 0 1 1 
1 1 0 0 
0 1 1 0 
1 0 0 1 
1 0 0 1 
0 1 1 0 
1 1 0 0 
0 1 0 1 
1 1 0 0 
0 1 1 0 

0 1 1 0 
1 1 0 0 
0 1 0 1 
1 1 0 0 
0 1 0 1 
0 1 0 1 
0 1 0 1 
1 0 0 1 
0 1 1 0 
0 0 1 1 
0 1 1 0 

1 1 0 0 
0 0 1 1 
0 1 0 1 
0 1 1 0 
0 1 1 0 
1 0 1 0 
0 1 1 0 
0 0 1 1 
0 0 1 1 
0 1 0 1 
0 1 1 0 

0 0 1 1 
0 1 1 0 
0 1 1 0 
0 1 0 1 
1 0 1 0 
1 1 0 0 
1 0 0 1 
1 0 1 0 
0 0 1 1 
1 1 0 0 
0 1 1 0 

1 0 0 1 
1 0 1 0 
1 0 0 1 
1 0 1 0 
0 0 1 1 
0 0 1 1 
1 1 0 0 
0 0 1 1 
0 1 0 1 
1 0 1 0 
1 0 0 1 

1 1 0 0 
0 1 1 0 
1 0 0 1 
1 0 0 1 
1 0 0 1 
1 0 0 1 
1 0 0 1 
0 0 1 1 
1 1 0 0 
0 1 1 0 
1 1 0 0 


1 0 0 1 
1 0 1 0 
0 0 1 1 
0 1 0 1 
1 0 1 0 
0 0 1 1 
0 1 0 1 
0 0 1 1 
0 1 0 1 
0 1 1 0 
0 0 1 1 

1 0 0 1 
1 1 0 0 
1 1 0 0 
0 0 1 1 
0 0 1 1 
1 0 0 1 
1 0 0 1 
1 0 0 1 
0 1 1 0 
1 0 1 0 
1 0 1 0 

0 0 1 1 
0 1 0 1 
1 1 0 0 
1 0 1 0 
1 1 0 0 
1 1 0 0 
0 1 0 1 
0 1 1 0 
0 1 1 0 
0 1 0 1 
0 1 1 0 

0 1 1 0 
0 1 0 1 
0 1 1 0 
0 1 1 0 
0 1 0 1 
1 1 0 0 
1 1 0 0 
1 1 0 0 
1 0 1 0 
1 1 0 0 
0 1 1 0 

1 0 1 0 
1 1 0 0 
0 1 0 1 
1 0 1 0 
1 0 1 0 
1 0 0 1 
0 1 0 1 
0 0 1 1 
0 1 0 1 
0 1 0 1 
0 0 1 1 

0 1 0 1 
1 0 1 0 
0 1 0 1 
0 0 1 1 
1 1 0 0 
1 0 1 0 
1 1 0 0 
1 1 0 0 
1 0 0 1 
1 0 0 1 
0 1 1 0 

1 1 0 0 
1 1 0 0 
1 1 0 0 
0 0 1 1 
1 0 1 0 
0 0 1 1 
0 1 0 1 
0 1 1 0 
0 0 1 1 
1 1 0 0 
0 1 1 0 

1 0 0 1 
0 1 0 1 
1 0 0 1 
1 0 0 1 
1 0 1 0 
0 1 1 0 
1 0 1 0 
0 0 1 1 
1 0 0 1 
1 0 0 1 
1 0 0 1 

0 1 1 0 
1 1 0 0 
1 1 0 0 
1 0 1 0 
0 1 1 0 
0 1 1 0 
0 1 1 0 
0 0 1 1 
0 1 1 0 
1 0 1 0 
1 0 1 0 

0 1 0 1 
0 0 1 1 
1 0 0 1 
1 0 0 1 
1 0 0 1 
0 1 0 1 
0 1 1 0 
0 0 1 1 
1 1 0 0 
0 0 1 1 
1 0 0 1 

0 0 1 1 
1 0 0 1 
1 1 0 0 
0 1 1 0 
1 1 0 0 
0 0 1 1 
1 1 0 0 
0 1 0 1 
0 1 1 0 
0 1 1 0 
0 0 1 1 

0 1 1 0 
0 0 1 1 
1 0 0 1 
0 1 1 0 
1 1 0 0 
1 0 1 0 
0 0 1 1 
1 0 1 0 
1 0 1 0 
1 0 1 0 
1 1 0 0 

0 1 0 1 
0 0 1 1 
0 1 1 0 
0 1 0 1 
0 1 1 0 
0 0 1 1 
1 0 1 0 
1 0 1 0 
1 0 1 0 
0 1 1 0 
0 1 1 0 

0 1 0 1 
0 1 1 0 
1 1 0 0 
0 1 0 1 
0 1 0 1 
0 1 0 1 
0 1 0 1 
0 0 1 1 
0 1 0 1 
0 0 1 1 
1 1 0 0 

1 0 1 0 
0 1 1 0 
0 1 0 1 
0 1 0 1 
0 0 1 1 
1 1 0 0 
1 0 1 0 
1 0 1 0 
0 0 1 1 
1 1 0 0 
0 1 0 1 

0 0 1 1 
1 1 0 0 
1 0 0 1 
1 0 0 1 
1 0 1 0 
0 1 1 0 
0 0 1 1 
1 0 1 0 
0 1 1 0 
0 0 1 1 
1 0 0 1 

1 0 0 1 
1 1 0 0 
0 1 1 0 
0 1 0 1 
0 1 0 1 
0 1 1 0 
1 0 1 0 
1 1 0 0 
0 1 1 0 
0 1 1 0 
1 0 0 1 

0 1 0 1 
0 1 1 0 
0 1 0 1 
0 0 1 1 
1 0 1 0 
0 1 1 0 
1 0 0 1 
1 1 0 0 
1 1 0 0 
0 0 1 1 
1 0 0 1 

1 0 1 0 
1 0 0 1 
1 0 0 1 
0 0 1 1 
1 0 1 0 
0 0 1 1 
1 1 0 0 
0 1 0 1 
0 0 1 1 
0 1 1 0 
0 1 0 1 

0 0 1 1 
1 0 1 0 
1 0 0 1 
1 0 1 0 
0 0 1 1 
0 0 1 1 
0 0 1 1 
1 1 0 0 
0 0 1 1 
1 0 0 1 
1 0 1 0 

1 0 0 1 
0 1 0 1 
1 0 0 1 
0 1 0 1 
1 1 0 0 
1 0 0 1 
1 0 1 0 
1 0 0 1 
1 0 0 1 
1 0 0 1 
1 1 0 0 

0 1 0 1 
1 0 1 0 
1 0 1 0 
1 1 0 0 
1 1 0 0 
0 1 0 1 
0 0 1 1 
0 0 1 1 
1 0 1 0 
0 1 1 0 
1 1 0 0 

1 0 1 0 
1 0 0 1 
1 1 0 0 
0 0 1 1 
1 0 0 1 
1 0 0 1 
0 1 1 0 
1 0 0 1 
0 1 1 0 
0 0 1 1 
1 0 1 0 

1 0 0 1 
0 0 1 1 
1 1 0 0 
0 1 0 1 
0 0 1 1 
1 1 0 0 
1 0 1 0 
1 0 0 1 
1 0 0 1 
1 0 1 0 
1 0 0 1 


1 0 1 0 
1 0 1 0 
1 0 1 0 
0 1 0 1 
1 0 1 0 
1 1 0 0 
0 1 0 1 
0 0 1 1 
0 0 1 1 
1 1 0 0 
1 0 0 1 

1 0 0 1 
1 1 0 0 
0 0 1 1 
0 1 0 1 
1 0 0 1 
1 0 0 1 
1 0 0 1 
0 1 1 0 
0 1 0 1 
0 1 0 1 
1 1 0 0 

1 1 0 0 
0 0 1 1 
0 1 1 0 
1 1 0 0 
1 0 1 0 
0 0 1 1 
0 0 1 1 
0 0 1 1 
1 0 0 1 
0 0 1 1 
1 0 0 1 

1 0 0 1 
0 1 1 0 
1 1 0 0 
0 1 0 1 
0 1 1 0 
1 0 1 0 
1 0 0 1 
1 0 0 1 
0 1 0 1 
0 1 0 1 
0 0 1 1 

1 1 0 0 
0 0 1 1 
0 1 1 0 
0 0 1 1 
0 1 0 1 
1 0 0 1 
0 0 1 1 
1 1 0 0 
0 1 0 1 
0 0 1 1 
1 1 0 0 

1 1 0 0 
0 1 1 0 
0 1 1 0 
0 1 0 1 
0 0 1 1 
0 1 0 1 
0 0 1 1 
0 1 1 0 
1 1 0 0 
1 1 0 0 
0 1 1 0 

1 0 0 1 
0 0 1 1 
1 1 0 0 
0 0 1 1 
1 0 1 0 
0 1 0 1 
0 1 1 0 
0 1 1 0 
1 0 0 1 
1 0 1 0 
1 0 0 1 

1 0 0 1 
0 1 1 0 
0 0 1 1 
0 1 1 0 
1 0 0 1 
1 0 0 1 
1 0 1 0 
0 0 1 1 
0 1 0 1 
0 0 1 1 
1 0 1 0 

0 1 1 0 
1 0 1 0 
0 1 0 1 
1 1 0 0 
0 0 1 1 
1 1 0 0 
0 1 1 0 
1 1 0 0 
1 0 0 1 
1 1 0 0 
0 1 0 1 

0 1 0 1 
0 0 1 1 
0 0 1 1 
1 0 0 1 
1 1 0 0 
0 1 0 1 
0 1 1 0 
0 1 1 0 
0 0 1 1 
1 0 0 1 
1 1 0 0 

1 1 0 0 
1 1 0 0 
0 1 1 0 
0 1 1 0 
0 1 0 1 
0 0 1 1 
1 0 0 1 
1 0 0 1 
0 0 1 1 
0 0 1 1 
0 1 0 1 

1 1 0 0 
0 1 1 0 
0 1 1 0 
0 0 1 1 
0 1 0 1 
0 1 0 1 
0 0 1 1 
0 1 1 0 
1 1 0 0 
0 1 0 1 
0 0 1 1 

1 0 0 1 
0 0 1 1 
0 0 1 1 
0 1 1 0 
0 1 0 1 
0 1 0 1 
0 1 0 1 
1 0 1 0 
0 1 0 1 
1 1 0 0 
0 1 0 1 

1 1 0 0 
1 0 0 1 
1 0 0 1 
1 1 0 0 
1 0 0 1 
0 0 1 1 
1 0 1 0 
1 0 1 0 
0 0 1 1 
1 0 1 0 
0 0 1 1 

1 0 0 1 
1 0 1 0 
0 1 1 0 
1 0 0 1 
1 0 0 1 
0 1 1 0 
0 1 1 0 
0 1 1 0 
1 0 1 0 
1 1 0 0 
1 0 1 0 

1 0 1 0 
0 0 1 1 
1 1 0 0 
0 0 1 1 
0 1 1 0 
0 1 0 1 
0 1 0 1 
0 1 0 1 
1 1 0 0 
0 1 0 1 
1 0 1 0 

1 0 1 0 
1 1 0 0 
1 0 0 1 
1 0 0 1 
1 0 1 0 
1 0 1 0 
0 1 1 0 
0 1 0 1 
0 0 1 1 
1 0 0 1 
0 1 1 0 

0 0 1 1 
1 0 0 1 
0 0 1 1 
0 1 1 0 
0 1 0 1 
0 1 0 1 
0 0 1 1 
0 1 0 1 
0 1 0 1 
1 0 0 1 
0 0 1 1 

0 1 1 0 
1 0 1 0 
1 1 0 0 
0 1 1 0 
1 0 1 0 
1 0 0 1 
0 1 1 0 
0 1 0 1 
0 1 0 1 
0 1 0 1 
0 1 1 0 

1 1 0 0 
1 1 0 0 
0 1 0 1 
0 1 1 0 
1 1 0 0 
1 1 0 0 
1 0 1 0 
0 1 1 0 
0 1 0 1 
0 1 1 0 
1 1 0 0 

1 0 1 0 
1 0 0 1 
1 0 0 1 
1 0 0 1 
0 0 1 1 
1 0 0 1 
1 0 0 1 
0 1 1 0 
0 1 1 0 
1 0 0 1 
1 0 0 1 

1 0 1 0 
1 0 1 0 
1 0 0 1 
0 1 1 0 
0 1 0 1 
1 1 0 0 
0 1 0 1 
0 1 1 0 
1 0 1 0 
0 1 0 1 
0 0 1 1 

0 1 1 0 
1 1 0 0 
0 1 1 0 
0 1 1 0 
0 0 1 1 
1 0 0 1 
0 0 1 1 
1 1 0 0 
0 1 1 0 
0 1 1 0 
0 0 1 1 

0 0 1 1 
1 0 1 0 
0 1 0 1 
0 1 0 1 
0 1 1 0 
0 1 1 0 
0 1 1 0 
0 1 1 0 
1 0 0 1 
1 0 0 1 
0 1 0 1 


0 0 1 1 
0 0 1 1 
1 0 0 1 
0 1 1 0 
0 0 1 1 
0 1 1 0 
1 1 0 0 
1 0 0 1 
1 0 0 1 
1 0 1 0 
1 1 0 0 

0 1 0 1 
1 0 0 1 
0 1 1 0 
1 0 0 1 
1 1 0 0 
0 0 1 1 
0 1 0 1 
1 0 1 0 
0 0 1 1 
1 0 0 1 
0 1 0 1 

0 1 0 1 
1 0 1 0 
1 1 0 0 
1 0 1 0 
1 1 0 0 
0 1 1 0 
0 1 0 1 
0 1 0 1 
0 1 0 1 
0 1 1 0 
0 1 0 1 

0 1 0 1 
1 1 0 0 
0 1 0 1 
1 1 0 0 
1 0 1 0 
0 0 1 1 
1 0 1 0 
1 0 1 0 
1 0 0 1 
1 1 0 0 
0 1 0 1 

1 0 1 0 
0 1 0 1 
1 0 1 0 
1 0 0 1 
1 0 0 1 
1 1 0 0 
0 1 1 0 
1 0 1 0 
0 0 1 1 
0 1 0 1 
1 0 1 0 

1 0 1 0 
0 0 1 1 
0 1 0 1 
1 0 0 1 
1 0 0 1 
1 1 0 0 
1 0 0 1 
1 0 1 0 
1 0 1 0 
1 0 0 1 
0 0 1 1 

0 0 1 1 
1 0 0 1 
0 1 0 1 
1 0 1 0 
1 1 0 0 
0 0 1 1 
0 1 0 1 
0 0 1 1 
1 1 0 0 
1 0 0 1 
0 0 1 1 

1 1 0 0 
0 0 1 1 
1 0 0 1 
1 0 1 0 
1 1 0 0 
0 1 0 1 
1 0 0 1 
1 0 0 1 
1 0 0 1 
1 0 0 1 
0 0 1 1 

1 1 0 0 
0 0 1 1 
0 1 1 0 
0 1 0 1 
1 0 0 1 
1 0 0 1 
1 0 1 0 
1 0 0 1 
1 1 0 0 
1 0 0 1 
0 1 1 0 

0 0 1 1 
0 1 1 0 
0 1 1 0 
0 1 0 1 
1 0 1 0 
1 1 0 0 
0 0 1 1 
1 0 1 0 
1 0 0 1 
1 1 0 0 
0 1 1 0 

0 1 0 1 
0 1 0 1 
0 0 1 1 
1 0 1 0 
0 1 1 0 
0 1 0 1 
1 0 1 0 
0 0 1 1 
1 0 1 0 
0 1 0 1 
1 0 0 1 

1 0 0 1 
0 1 0 1 
1 0 1 0 
1 0 1 0 
1 1 0 0 
1 0 0 1 
0 1 1 0 
0 1 0 1 
0 1 1 0 
1 1 0 0 
1 0 0 1 

1 0 1 0 
1 0 1 0 
1 0 1 0 
1 0 1 0 
1 0 0 1 
0 1 1 0 
0 1 1 0 
0 1 1 0 
1 0 0 1 
1 0 1 0 
1 0 0 1 

1 0 0 1 
0 0 1 1 
1 0 1 0 
1 0 0 1 
0 0 1 1 
1 0 1 0 
1 0 0 1 
1 0 0 1 
1 0 1 0 
1 1 0 0 
0 1 0 1 

0 0 1 1 
0 1 1 0 
0 1 0 1 
0 1 0 1 
0 0 1 1 
1 1 0 0 
1 0 1 0 
1 1 0 0 
1 0 0 1 
1 0 1 0 
1 1 0 0 

0 1 1 0 
0 1 1 0 
1 0 0 1 
1 0 0 1 
0 1 0 1 
1 1 0 0 
1 0 0 1 
1 0 0 1 
0 1 0 1 
1 1 0 0 
1 0 0 1 

0 0 1 1 
0 1 0 1 
1 1 0 0 
0 1 0 1 
0 1 1 0 
1 0 0 1 
1 0 1 0 
0 1 1 0 
0 1 1 0 
1 1 0 0 
1 0 1 0 

0 1 1 0 
0 0 1 1 
0 1 0 1 
0 0 1 1 
0 0 1 1 
0 0 1 1 
1 0 0 1 
0 1 1 0 
0 1 1 0 
1 1 0 0 
1 0 1 0 

1 1 0 0 
1 0 0 1 
1 0 0 1 
1 0 1 0 
0 0 1 1 
0 0 1 1 
1 1 0 0 
1 1 0 0 
1 1 0 0 
0 1 1 0 
1 1 0 0 

1 0 1 0 
1 0 0 1 
1 0 0 1 
0 0 1 1 
1 0 1 0 
1 0 0 1 
1 1 0 0 
0 0 1 1 
1 0 0 1 
1 1 0 0 
1 0 1 0 

0 0 1 1 
0 0 1 1 
1 0 1 0 
1 0 1 0 
0 1 1 0 
0 1 0 1 
1 1 0 0 
0 0 1 1 
0 1 0 1 
1 0 1 0 
1 0 1 0 

0 0 1 1 
0 1 1 0 
0 0 1 1 
0 0 1 1 
1 0 0 1 
1 0 0 1 
1 0 0 1 
0 0 1 1 
1 1 0 0 
0 0 1 1 
0 1 1 0 

1 1 0 0 
0 1 1 0 
1 0 1 0 
0 0 1 1 
0 1 1 0 
1 1 0 0 
0 1 0 1 
1 0 1 0 
1 0 1 0 
0 1 0 1 
0 1 0 1 

1 0 1 0 
0 0 1 1 
0 0 1 1 
1 1 0 0 
1 0 1 0 
0 1 0 1 
0 0 1 1 
0 1 0 1 
0 1 0 1 
0 0 1 1 
1 1 0 0 


1 1 0 1 
0 0 1 1 
0 1 0 0 
1 0 0 1 

1 0 1 0 
0 1 1 0 
1 0 0 1 
0 1 0 1 

0 0 0 0 
1 0 0 1 
0 0 1 1 
0 0 1 0 

1 1 0 0 
1 1 0 0 
1 1 0 1 
1 1 0 0 

0 1 0 1 
1 0 0 0 
1 0 0 0 
1 1 1 1 

0 1 1 0 
1 0 0 0 
1 0 1 0 
0 0 1 1 

0 1 1 0 
1 1 1 0 
0 1 1 0 
0 1 0 0 

1 1 1 1 
0 1 0 1 
0 1 0 1 
0 1 1 0 

1 1 0 0 
1 0 0 1 
0 0 0 1 
1 1 0 1 

1 1 0 1 
1 0 0 1 
1 0 1 0 
1 0 0 0 

1 0 0 0 
1 0 1 1 
0 0 0 0 
0 1 1 0 

1 1 1 0 
0 1 1 1 
0 0 1 1 
0 0 0 1 

1 1 1 0 
1 0 0 0 
0 0 1 1 
1 1 0 0 

1 1 0 1 
1 1 1 0 
0 1 0 1 
0 1 0 0 

0 1 1 0 
1 1 0 0 
1 1 1 0 
0 1 1 0 

1 1 0 1 
0 0 0 0 
1 0 1 0 
0 1 1 0 

1 0 0 1 
0 0 1 0 
0 1 0 0 
0 1 0 1 

1 1 0 1 
1 1 0 1 
1 0 1 1 
1 0 1 0 

1 1 0 1 
1 0 1 0 
0 1 1 0 
0 1 1 1 

0 1 1 0 
0 1 1 0 
0 1 0 0 
1 1 1 0 

0 0 1 1 
1 1 0 0 
1 0 0 1 
0 1 1 0 

0 0 0 1 
0 0 1 0 
1 1 0 0 
1 1 0 0 

1 1 0 1 
1 0 0 1 
0 1 1 1 
1 0 1 0 


1 1 0 0 
0 1 1 1 
0 1 0 1 
0 1 0 0 

1 0 1 0 
0 0 1 0 
0 1 0 1 
1 0 1 0 

0 0 0 1 
0 0 0 1 
1 1 0 0 
1 0 0 0 

1 1 0 0 
1 0 0 1 
0 0 0 1 
1 0 0 1 

0 1 1 1 
1 0 0 1 
0 1 0 0 
0 0 1 1 

1 0 0 1 
0 1 0 0 
1 0 1 0 
0 0 1 1 

0 0 0 1 
0 0 0 1 
1 1 0 0 
0 0 1 1 

1 0 0 0 
1 1 0 1 
1 0 1 1 
0 1 1 0 

1 0 0 1 
1 1 0 0 
0 1 0 0 
0 0 1 1 

0 1 0 0 
0 1 1 0 
1 0 1 0 
0 0 0 1 

0 1 1 1 
1 1 0 0 
0 1 1 1 
1 0 1 1 

0 1 0 1 
1 1 1 0 
1 0 0 1 
1 0 1 0 

1 0 1 1 
1 1 1 0 
1 1 0 1 
1 0 0 1 

1 0 0 0 
0 1 0 1 
1 1 1 0 
0 1 0 1 

0 1 1 0 
0 0 0 1 
1 1 0 1 
1 0 0 1 

1 1 1 0 
1 0 1 1 
1 0 1 0 
1 1 0 0 

1 0 0 0 
1 0 1 0 
1 0 1 1 
0 0 0 0 

1 0 1 1 
1 0 0 1 
0 0 1 0 
1 0 0 1 

0 0 1 1 
1 1 0 0 
1 0 0 0 
0 0 0 1 

1 1 0 1 
1 1 1 0 
1 0 0 0 
0 0 1 0 

1 1 0 0 
1 1 1 0 
1 0 1 1 
0 1 1 0 

0 1 0 1 
0 1 0 0 
0 0 1 1 
1 0 1 0 


1 0 1 1 
1 0 0 1 
1 0 0 1 
1 1 1 0 

0 1 0 0 
0 1 0 1 
0 1 1 0 
0 1 1 0 

1 1 1 0 
1 1 1 0 
1 1 0 1 
1 0 1 0 

0 0 0 1 
1 0 0 1 
1 0 0 0 
0 1 0 1 

1 0 0 1 
0 1 0 1 
0 1 0 1 
1 0 0 1 

0 1 1 0 
0 1 1 1 
0 1 0 1 
0 0 1 0 

1 1 0 1 
1 1 0 0 
1 1 0 1 
1 1 0 0 

0 0 1 1 
1 0 0 0 
0 0 1 1 
0 1 0 1 

1 1 1 0 
1 0 0 1 
1 0 1 1 
0 1 1 1 

1 0 0 1 
1 1 0 0 
0 0 1 1 
1 0 1 0 

0 0 1 0 
1 0 1 1 
1 0 1 1 
1 0 0 0 

1 1 1 0 
0 0 1 0 
0 0 0 1 
1 1 1 0 

1 1 1 0 
0 0 1 1 
0 1 1 1 
1 0 1 0 

0 1 0 1 
1 0 0 1 
0 0 1 0 
0 0 1 1 

1 0 0 1 
0 0 1 0 
1 1 1 0 
0 0 1 1 

0 1 0 0 
1 0 0 0 
0 0 1 0 
1 0 0 0 

1 0 0 1 
1 0 0 1 
0 0 1 1 
1 0 1 1 

0 0 1 1 
0 1 1 0 
0 0 0 0 
1 1 0 0 

0 1 0 1 
0 1 0 1 
0 1 0 0 
1 1 0 1 

0 0 1 0 
0 0 1 1 
0 0 1 1 
1 0 1 0 

1 0 1 1 
0 1 0 0 
0 1 0 1 
0 1 1 0 


1 0 0 1 
1 1 0 0 
0 0 0 1 
1 1 0 0 

1 0 1 1 
0 0 1 0 
1 0 0 1 
1 0 1 1 

0 0 1 1 
0 1 0 0 
1 1 0 1 
1 1 1 0 

0 1 0 0 
1 0 0 1 
1 1 0 1 
0 1 1 1 

0 1 1 0 
0 0 1 0 
0 0 1 1 
1 0 0 1 

0 1 1 1 
0 0 0 1 
0 0 0 1 
0 1 1 1 

0 0 1 0 
1 0 0 1 
0 1 1 1 
0 0 1 0 

0 1 0 0 
0 0 1 0 
0 1 0 0 
1 1 0 1 

0 0 1 0 
0 0 1 0 
0 1 0 1 
1 1 0 1 

0 1 0 1 
1 0 1 0 
0 1 0 0 
1 0 0 1 

0 1 1 0 
1 0 0 1 
0 0 1 1 
1 0 0 1 

1 0 1 0 
0 0 1 1 
1 0 1 1 
1 1 0 0 

1 0 0 1 
0 1 0 1 
1 0 1 1 
0 1 0 1 

0 0 1 0 
1 0 0 1 
0 1 0 1 
1 1 0 1 

1 1 0 1 
0 0 1 0 
1 0 1 0 
0 1 0 1 

1 0 1 0 
0 1 1 1 
1 0 1 1 
1 1 0 0 

1 0 0 0 
0 1 1 0 
1 1 0 1 
0 0 1 1 

0 1 0 1 
1 0 1 1 
1 0 1 1 
0 1 0 0 

0 1 0 1 
0 1 1 1 
0 1 0 1 
1 1 0 0 

0 0 0 1 
1 0 0 0 
0 0 0 1 
0 1 1 0 


1 1 0 0 
0 1 1 0 
0 0 1 1 
1 0 1 1 

1 0 0 1 
0 0 1 1 
0 1 0 0 
0 1 1 0 

0 0 1 1 
1 0 1 1 
0 0 1 1 
1 1 0 1 

1 0 0 1 
1 0 1 1 
0 0 1 1 
1 0 0 0 

1 1 0 1 
0 0 1 1 
1 0 0 1 
0 0 0 1 

1 1 0 0 
1 0 0 0 
1 1 0 0 
1 1 1 0 

0 1 1 0 
0 1 0 1 
1 1 1 0 
0 1 0 0 

0 1 0 0 
1 1 0 0 
1 0 1 0 
0 0 0 1 

1 0 0 1 
0 1 0 1 
1 1 0 0 
0 1 0 1 

0 0 1 1 
1 1 0 1 
0 0 1 0 
1 1 0 1 

1 1 0 0 
1 0 1 1 
1 0 0 1 
1 1 0 1 

0 0 0 1 
0 1 1 1 
1 1 0 0 
1 0 1 0 

0 0 1 1 
1 1 1 0 
1 0 0 0 
0 0 1 1 

0 1 0 0 
0 0 1 1 
0 1 1 0 
1 0 0 1 

1 1 0 0 
0 1 0 1 
1 0 1 0 
0 1 0 0 

1 0 0 0 
0 1 0 0 
1 0 0 0 
0 1 1 1 

0 0 1 0 
1 0 0 1 
1 0 1 1 
0 0 1 1 

1 1 0 0 
1 1 0 1 
1 0 0 1 
1 0 0 1 

1 1 0 0 
0 0 1 0 
1 1 0 1 
0 0 0 1 


0 1 0 0 
1 0 0 1 
1 0 1 0 
1 1 0 0 

1 0 1 0 
0 0 0 1 
1 0 1 1 
1 1 1 0 

1 0 0 1 
0 0 1 0 
1 1 0 1 
1 0 1 1 

1 1 0 0 
1 0 1 0 
0 0 1 0 
1 0 1 1 

1 0 0 1 
0 0 0 1 
0 0 1 0 
0 1 1 0 

0 1 1 0 
0 1 1 0 
0 1 1 0 
0 0 1 0 

0 1 1 0 
0 0 1 1 
0 0 1 1 
0 0 1 1 

1 1 1 0 
0 1 1 0 
0 0 1 1 
0 0 0 1 

1 0 1 1 
1 1 0 0 
1 0 1 1 
0 0 1 1 

1 0 1 0 
0 0 1 1 
0 0 1 0 
0 0 1 1 

0 1 1 0 
0 0 1 0 
0 1 0 0 
1 1 0 0 

1 0 1 0 
1 1 0 1 
1 0 0 1 
0 0 1 1 

0 1 1 0 
0 1 1 1 
1 0 0 1 
0 0 1 0 

1 0 1 0 
0 1 1 0 
0 0 0 1 
0 1 0 1 

1 0 0 1 
0 0 0 0 
0 0 1 1 
1 1 1 1 

1 0 0 0 
1 0 1 0 
0 0 1 1 
1 0 0 1 

1 1 1 0 
1 0 0 1 
1 1 1 0 
1 1 1 0 

0 1 0 1 
1 1 0 0 
0 1 1 0 
0 0 1 0 


1 0 0 1 
1 1 1 0 
0 0 1 1 
1 0 0 0 

1 0 0 1 
1 0 0 1 
0 0 0 0 
0 0 0 0 

1 0 0 1 
0 0 1 1 
1 0 0 1 
1 0 1 1 

1 1 0 0 
1 0 1 0 
0 0 1 1 
1 0 1 1 

0 0 1 0 
0 0 1 1 
0 0 0 1 
1 1 0 0 

1 0 0 0 
0 1 0 1 
0 1 0 0 
0 0 0 1 

1 0 1 1 
1 0 0 0 
0 1 0 1 
1 1 1 0 

0 1 0 0 
0 0 1 1 
1 0 1 0 
0 1 1 0 

1 0 0 1 
0 0 1 1 
1 0 0 1 
1 0 1 0 

1 1 0 1 
1 1 1 1 
1 1 0 0 
0 0 1 1 

0 0 1 1 
1 0 0 1 
1 0 0 1 
0 1 1 1 

0 0 1 1 
0 1 1 0 
1 0 1 1 
1 0 1 0 

1 0 0 1 
1 0 0 1 
0 0 0 1 
1 1 0 0 

0 1 0 1 
1 0 0 1 
0 0 0 1 
0 1 0 1 

1 1 1 0 
0 0 1 1 
1 0 1 0 
1 1 0 0 

0 1 0 1 
1 0 1 0 
0 1 0 1 
0 0 1 1 

1 0 0 1 
0 0 1 1 
1 0 0 1 
0 0 1 1 


0 1 1 1 
0 0 1 1 
0 1 0 1 
0 0 1 0 

0 1 1 0 
1 0 1 1 
0 0 1 0 
0 0 0 1 

1 0 1 0 
0 0 0 1 
1 0 1 1 
1 0 1 1 

1 0 0 1 
1 0 0 1 
0 0 1 1 
1 1 0 1 

1 0 0 1 
1 0 1 1 
0 0 1 0 
1 0 0 1 

0 0 1 0 
1 0 1 0 
1 0 1 0 
1 1 1 0 

0 0 0 0 
0 1 1 1 
0 0 0 1 
1 1 1 0 

1 0 0 1 
0 0 1 1 
0 1 0 1 
1 1 0 0 

1 0 1 1 
0 1 1 1 
1 1 0 0 
0 1 1 1 

1 0 1 0 
0 1 0 1 
0 1 0 1 
1 0 1 1 

1 1 0 1 
1 0 0 1 
0 1 0 1 
0 0 0 1 

1 0 1 0 
1 1 0 1 
0 1 0 0 
0 0 0 1 

0 1 0 1 
0 0 1 1 
1 1 0 0 
0 0 1 0 

1 1 0 1 
1 0 1 0 
1 1 1 0 
1 1 1 0 

0 0 1 1 
0 1 0 0 
0 0 1 0 
1 0 1 0 

0 1 0 1 
1 1 0 1 
0 1 1 1 
0 0 1 1 


0 0 1 0 
0 0 1 1 
0 1 1 0 
1 1 1 0 

1 1 0 1 
0 1 0 1 
1 1 0 0 
0 0 1 1 

0 1 0 1 
1 1 1 0 
0 1 0 1 
1 0 0 0 

1 0 1 0 
0 1 1 1 
0 1 0 1 
1 0 0 1 

1 0 0 0 
1 0 0 0 
0 1 0 0 
0 0 1 1 

1 0 0 0 
1 0 0 1 
1 0 0 1 
0 1 0 1 

1 1 0 1 
1 0 1 1 
0 1 0 1 
0 1 0 1 

0 0 0 1 
1 0 0 1 
0 1 1 1 
1 0 0 1 

1 1 0 1 
1 0 1 1 
0 0 1 1 
0 1 0 1 

0 1 1 0 
1 0 1 0 
1 0 1 0 
0 1 1 0 

0 1 0 1 
1 1 0 1 
0 1 0 1 
0 1 1 0 

0 1 1 0 
1 0 1 0 
1 0 0 1 
0 0 1 1 

1 0 1 1 
0 0 1 1 
1 1 1 0 
1 1 0 1 

1 0 1 1 
1 1 0 0 
1 1 0 0 
0 1 1 0 

0 1 1 0 
1 0 1 0 
0 1 0 0 
1 1 1 0 


0 0 1 1 
1 1 1 0 
0 1 0 0 
0 1 1 0 

1 0 0 1 
1 0 1 0 
1 1 0 1 
0 0 1 0 

1 0 1 1 
1 0 0 1 
1 0 0 0 
0 1 1 0 

1 0 0 1 
0 1 0 0 
1 1 0 1 
0 1 1 0 

1 1 1 1 
1 0 1 0 
1 1 0 0 
0 1 1 1 

0 1 1 1 
0 1 0 1 
0 1 1 1 
0 0 1 1 

1 1 0 0 
0 0 1 1 
1 1 1 0 
1 1 0 0 

0 1 1 0 
1 0 0 0 
0 1 1 0 
0 1 0 0 

1 0 1 0 
1 1 0 1 
0 0 1 1 
1 0 0 1 

0 0 1 1 
0 1 0 1 
1 0 0 1 
1 1 0 0 

0 1 0 1 
1 1 1 0 
0 0 1 1 
0 0 0 1 

1 1 0 0 
0 1 1 0 
0 1 0 1 
1 1 0 1 

0 0 0 0 
1 1 0 0 
1 1 1 1 
0 1 0 1 

0 0 1 0 
0 0 1 1 
0 1 0 0 
1 0 0 0 


0 1 0 1 
1 1 0 0 
0 1 0 0 
1 0 0 0 

0 1 1 1 
1 0 1 0 
0 0 1 1 
1 1 0 1 

0 0 1 0 
1 0 0 1 
1 1 1 0 
1 1 0 0 

1 1 1 1 
1 1 1 1 
1 1 0 0 
0 1 1 0 

0 1 0 1 
0 0 1 0 
0 1 0 1 
0 1 0 0 

0 1 0 0 
1 0 0 1 
1 0 1 0 
1 1 0 0 

1 1 0 0 
1 0 0 1 
0 0 1 0 
0 1 1 0 

1 1 0 1 
0 1 1 0 
0 1 0 1 
1 1 1 1 

1 0 0 1 
0 1 1 0 
1 1 0 1 
0 0 0 1 

0 0 0 1 
0 1 0 1 
0 1 0 0 
1 0 0 0 

0 0 1 1 
0 0 1 1 
1 0 0 1 
0 1 0 1 

1 1 0 0 
0 1 1 0 
1 1 0 0 
0 1 1 1 

1 1 0 1 
1 1 0 1 
1 1 1 0 
0 1 0 0 


1 0 0 0 
1 1 0 1 
1 0 0 1 
1 0 1 1 

0 1 1 1 
0 0 1 0 
1 0 0 1 
0 1 0 1 

1 0 1 0 
0 0 1 1 
1 0 0 1 
1 0 0 1 

1 0 1 1 
0 0 0 0 
1 0 1 1 
0 1 0 1 

0 1 0 0 
0 0 1 0 
1 1 0 1 
1 0 0 1 

0 0 1 1 
1 0 0 1 
0 1 1 0 
0 1 1 1 

0 0 1 0 
1 1 1 0 
0 1 1 1 
0 1 1 1 

0 0 1 0 
0 0 0 1 
0 1 1 1 
1 0 0 1 

1 1 0 0 
0 0 0 1 
1 1 0 1 
1 0 1 0 

0 1 1 0 
0 0 0 0 
0 0 1 1 
1 0 0 0 

1 1 1 0 
1 0 0 1 
1 1 0 0 
0 1 1 0 

1 0 0 0 
0 1 1 0 
0 1 0 0 
1 0 0 1 


1 1 0 0 
0 1 1 0 
1 0 1 0 
0 1 0 1 

1 0 0 0 
1 0 0 1 
0 1 0 0 
1 0 0 1 

1 1 1 0 
1 0 1 1 
1 1 0 0 
1 0 1 1 

0 0 1 0 
0 0 1 1 
1 1 0 0 
1 1 1 0 

1 0 0 1 
0 0 1 1 
1 0 1 1 
0 1 1 1 

1 0 0 1 
0 1 0 1 
0 1 1 0 
1 1 1 0 

0 1 0 0 
1 1 1 0 
0 0 1 0 
0 1 1 1 

0 1 0 1 
0 0 1 1 
1 0 1 0 
0 1 0 0 

0 0 1 1 
1 0 0 1 
0 0 1 1 
1 0 0 0 

0 1 1 0 
0 0 0 1 
1 0 0 0 
0 0 1 0 

1 1 0 1 
1 0 0 0 
0 1 0 0 
1 0 1 0 


0 1 0 0 
1 0 0 0 
1 0 1 1 
0 0 0 1 

1 0 1 0 
0 1 0 0 
1 0 0 0 
0 1 0 0 

0 0 0 1 
0 0 1 0 
0 0 1 1 
1 0 1 0 

0 0 0 1 
0 0 1 1 
1 0 1 0 
0 1 0 0 

0 0 0 1 
1 0 1 1 
1 1 0 0 
0 1 0 1 

0 1 0 1 
1 0 1 1 
1 1 0 0 
0 0 1 1 

1 0 0 0 
0 0 1 1 
1 1 1 0 
0 1 1 1 

0 1 0 0 
0 1 1 1 
0 0 1 1 
0 0 0 1 

0 1 1 0 
0 0 1 1 
1 1 1 0 
0 1 1 0 

1 0 0 1 
0 1 0 1 
1 1 1 0 
0 0 0 1 


0 1 0 0 
1 0 0 1 
1 1 1 1 
1 1 1 0 

0 1 1 0 
0 0 1 1 
0 0 1 1 
1 1 1 0 

1 0 1 1 
0 0 1 0 
0 0 1 0 
0 1 0 0 

1 1 0 0 
0 1 0 0 
0 0 1 1 
0 1 1 0 

0 0 0 1 
0 1 1 0 
1 0 1 0 
1 1 0 0 

0 0 1 0 
0 1 0 1 
0 0 1 0 
0 1 1 0 

1 1 1 1 
1 0 1 1 
1 1 0 0 
1 1 1 0 

1 0 1 1 
1 1 1 0 
1 0 1 0 
1 0 1 0 

0 1 0 1 
0 0 1 0 
0 0 1 1 
0 0 1 1 


0 1 1 1 
0 0 1 1 
0 1 1 1 
0 1 0 0 

0 1 1 0 
0 1 0 0 
1 0 0 1 
0 1 0 0 

0 1 1 1 
0 0 1 1 
1 1 0 0 
0 0 0 0 

1 0 0 0 
0 1 0 0 
1 0 0 0 
0 1 1 1 

1 1 0 1 
0 0 1 1 
0 1 0 1 
0 0 1 1 

1 0 0 0 
1 1 0 1 
0 1 0 0 
0 0 0 1 

1 0 1 1 
1 0 0 1 
1 0 0 0 
1 0 0 0 

1 1 0 0 
0 0 1 1 
1 1 0 1 
1 1 0 0 


1 1 0 0 
0 0 0 1 
0 1 0 1 
0 0 1 1 

0 1 0 1 
0 0 0 0 
0 1 1 1 
0 0 1 1 

1 1 0 1 
1 1 0 0 
0 1 1 1 
0 1 1 0 

0 0 0 1 
0 1 1 0 
1 1 0 0 
1 1 0 0 

1 1 0 1 
0 0 1 1 
0 1 1 0 
1 1 1 0 

0 1 1 0 
1 0 1 1 
0 0 0 1 
1 1 0 0 

1 0 0 1 
0 0 1 1 
0 0 1 0 
0 0 1 1 


0 0 1 0 
0 1 0 1 
0 1 1 0 
0 0 1 0 

1 0 1 0 
0 0 1 0 
0 0 0 0 
0 1 0 1 

1 1 1 1 
1 1 0 0 
1 0 1 0 
1 0 0 0 

0 1 0 1 
1 0 0 0 
1 0 1 0 
0 1 0 1 

0 1 0 0 
0 0 1 1 
1 0 1 0 
1 0 1 0 

0 1 0 0 
0 1 1 1 
1 0 1 0 
1 0 1 1 


0 1 0 0 
1 0 0 0 
0 1 1 0 
0 0 0 0 

0 0 0 1 
1 0 1 0 
1 1 0 1 
0 1 1 0 

1 1 0 0 
0 0 1 0 
0 0 1 0 
0 0 0 1 

1 0 1 0 
1 0 0 0 
0 1 0 1 
0 1 0 0 

0 1 1 1 
0 1 0 0 
1 1 0 1 
1 1 1 0 


0 1 1 1 
0 1 0 1 
0 1 0 0 
1 1 0 1 

1 0 0 0 
1 0 0 0 
1 1 0 0 
1 1 1 0 

1 0 0 0 
0 1 0 0 
0 1 0 1 
0 0 1 0 

0 1 1 0 
0 1 0 1 
1 0 0 1 
0 1 0 1 


1 0 1 0 
1 1 1 0 
1 1 0 0 
0 0 1 0 

0 1 0 0 
0 1 1 0 
1 1 0 1 
1 0 0 1 

1 1 0 0 
0 1 1 0 
0 1 0 0 
0 0 1 1 


1 1 0 0 
0 0 1 1 
1 1 0 0 
1 0 0 1 

1 1 1 0 
1 0 0 1 
1 1 1 0 
0 1 0 1 


0 1 1 1 
1 1 0 0 
0 1 1 0 
0 1 1 0 



0 1 1 0 
1 1 0 1 
0 0 1 0 
1 1 0 1 

0 0 0 1 
0 1 0 0 
1 1 0 0 
1 0 0 1 

1 0 1 0 
0 1 1 1 
1 0 1 1 
0 1 1 1 

1 0 0 1 
0 1 0 1 
1 0 0 1 
0 1 1 0 

0 0 0 1 
1 1 0 0 
0 0 1 0 
0 1 0 1 

1 1 1 0 
0 1 1 0 
0 0 1 1 
1 0 1 0 

1 1 0 0 
0 0 1 1 
1 1 0 0 
1 0 1 0 

1 0 0 1 
0 0 1 1 
0 1 1 0 
1 1 1 1 

1 1 1 0 
1 0 1 1 
0 0 1 0 
1 0 1 0 

0 0 1 1 
1 0 1 1 
0 1 0 1 
1 0 1 1 

0 1 1 0 
1 0 0 0 
1 0 1 0 
0 1 0 1 

0 1 0 1 
1 0 1 0 
1 0 1 1 
1 0 0 1 

0 1 1 0 
0 0 1 1 
1 0 0 0 
1 0 0 1 

0 0 0 1 
1 0 1 0 
1 0 0 0 
1 0 0 0 

0 0 1 1 
0 1 0 1 
0 1 0 0 
0 1 0 1 

0 1 0 0 
1 1 0 0 
0 1 1 1 
1 0 1 0 

0 1 0 0 
0 1 0 1 
1 0 0 0 
0 1 1 0 

1 1 0 0 
1 1 0 0 
0 0 0 1 
1 0 0 1 

0 1 1 1 
0 0 1 0 
1 1 0 0 
0 1 0 1 

1 1 0 0 
1 1 0 0 
1 1 0 1 
0 1 1 0 

0 1 1 0 
0 0 0 1 
0 0 0 0 
0 1 1 1 

1 0 1 0 
0 0 0 1 
0 0 1 0 
1 0 0 1 

0 1 0 1 
1 0 1 1 
0 1 0 0 
1 0 0 0 


0 1 1 1 
1 0 1 0 
0 0 1 1 
1 1 1 0 

1 0 1 0 
0 0 1 1 
0 0 1 1 
1 0 0 1 

0 1 0 1 
1 0 1 0 
0 0 0 1 
1 1 1 0 

0 1 1 0 
1 1 1 0 
0 0 1 1 
0 0 1 1 

0 1 1 0 
0 0 1 0 
0 0 0 1 
0 0 0 0 

1 1 1 1 
0 0 1 1 
1 0 0 0 
0 1 0 1 

1 0 1 1 
0 1 1 0 
0 1 0 0 
0 1 0 1 

1 1 0 1 
0 1 0 0 
1 0 1 0 
1 0 1 0 

1 1 0 0 
1 1 0 0 
1 0 1 0 
0 1 1 1 

1 1 1 0 
1 0 1 1 
0 1 1 1 
0 0 1 1 

1 0 1 1 
0 1 0 0 
0 0 1 1 
1 1 0 0 

0 1 0 1 
1 1 0 1 
0 0 1 0 
1 0 0 1 

1 0 0 0 
1 0 1 1 
1 0 0 0 
1 0 1 0 

1 0 1 1 
1 1 0 1 
0 1 1 1 
1 0 0 0 

1 0 1 0 
0 1 1 0 
1 0 0 0 
0 1 0 1 

0 1 0 1 
1 0 1 0 
1 0 0 0 
1 1 1 0 

0 1 0 0 
1 1 1 1 
1 0 0 0 
1 1 0 0 

0 1 1 0 
0 1 0 1 
0 0 1 1 
0 1 0 0 

0 0 1 1 
1 0 0 1 
0 0 1 0 
1 0 1 0 

1 0 1 0 
1 0 0 0 
0 1 0 0 
0 1 0 1 

0 1 0 1 
0 1 0 0 
0 0 0 1 
1 0 1 1 

0 1 1 1 
0 1 1 1 
0 1 1 0 
0 1 1 0 


1 1 1 0 
1 1 0 0 
1 1 0 0 
0 0 1 1 

0 0 1 1 
0 1 1 1 
1 1 0 0 
1 0 0 1 

0 0 1 0 
0 0 1 1 
1 1 0 0 
0 1 0 0 

0 1 1 1 
0 0 1 1 
1 1 0 1 
0 0 1 0 

1 0 1 0 
1 0 0 0 
0 1 0 1 
1 1 0 0 

0 1 0 1 
0 0 1 0 
1 0 0 1 
1 1 1 0 

1 1 1 0 
1 0 0 1 
0 0 1 1 
0 1 0 1 

0 0 1 1 
1 0 1 1 
0 1 0 1 
1 0 1 0 

0 1 0 1 
1 1 0 0 
1 0 0 1 
0 0 1 0 

1 0 0 0 
1 1 1 1 
1 1 0 1 
0 0 1 1 

0 1 1 0 
0 0 1 1 
0 1 1 1 
1 0 1 0 

0 1 0 0 
0 1 0 0 
1 0 1 1 
1 0 0 0 

0 1 0 1 
1 0 0 0 
0 0 1 0 
0 1 1 0 

0 0 0 0 
0 1 0 0 
1 0 1 1 
0 0 1 1 

1 1 1 1 
1 0 1 1 
0 1 1 0 
1 0 0 0 

0 1 0 1 
0 0 1 0 
1 0 1 0 
1 0 0 1 

1 0 1 1 
1 0 0 1 
1 0 0 1 
0 1 0 1 

0 1 0 1 
0 0 0 1 
0 1 1 0 
1 0 1 0 

0 0 1 0 
0 0 1 1 
0 1 1 0 
0 1 1 1 

0 1 1 1 
1 1 0 1 
0 1 0 1 
1 0 1 1 

1 0 0 1 
1 0 0 0 
1 0 1 1 
1 1 1 1 


0 1 1 1 
0 1 1 1 
1 1 0 0 
0 1 1 1 

0 1 1 0 
0 1 1 1 
0 1 0 0 
1 1 0 0 

0 1 0 1 
0 1 0 1 
1 1 0 0 
1 0 0 0 

0 0 1 1 
1 1 1 0 
1 0 1 1 
1 1 0 0 

1 0 1 0 
1 0 1 1 
0 1 0 1 
0 1 0 1 

0 1 0 0 
0 0 1 0 
0 0 1 1 
1 1 0 1 

0 1 0 0 
1 0 0 0 
1 1 0 1 
0 0 0 1 

1 1 0 1 
0 0 1 1 
1 1 1 0 
1 0 0 0 

1 0 1 1 
0 1 1 0 
1 1 0 1 
1 0 1 1 

1 0 0 0 
1 1 0 0 
0 1 1 1 
1 0 1 0 

0 0 1 1 
0 1 0 1 
1 0 1 0 
1 1 0 0 

1 0 0 1 
0 1 1 1 
0 0 1 1 
0 1 0 0 

1 0 1 0 
1 0 0 0 
0 0 1 1 
0 0 1 0 

1 0 0 0 
0 1 0 1 
0 0 1 0 
0 1 1 1 

1 0 1 1 
0 0 1 1 
1 0 0 1 
1 1 0 0 

0 0 1 0 
1 1 0 1 
0 1 1 1 
0 0 0 1 

1 0 1 0 
0 0 1 1 
0 0 0 1 
1 0 1 0 

1 0 1 1 
1 1 0 0 
0 1 0 1 
0 1 0 1 

1 1 0 0 
1 1 0 1 
0 1 1 0 
0 0 1 1 

0 0 1 0 
0 0 0 1 
1 0 1 0 
1 0 0 1 


0 1 1 0 
1 1 0 0 
0 0 0 0 
1 0 0 0 

1 1 0 0 
0 1 0 0 
0 1 0 1 
1 0 1 0 

1 1 0 0 
1 0 0 0 
0 1 0 0 
0 1 1 1 

0 1 0 1 
0 0 1 0 
0 0 0 1 
0 0 1 1 

1 0 1 0 
1 1 0 0 
0 1 0 1 
0 1 0 1 

1 0 1 0 
1 0 1 0 
0 0 1 0 
0 1 0 0 

0 1 1 1 
0 0 1 1 
1 0 1 0 
1 0 1 0 

0 0 0 1 
1 1 1 0 
0 1 1 1 
0 0 1 0 

1 0 0 1 
0 0 0 1 
1 1 1 0 
0 1 0 0 

0 1 1 0 
1 0 1 1 
1 1 0 0 
0 1 1 0 

1 0 0 0 
0 1 1 1 
0 0 1 1 
0 0 1 1 

1 0 0 1 
0 1 0 1 
1 0 0 0 
0 1 1 1 

0 0 0 1 
0 1 1 0 
1 1 1 0 
1 0 0 1 

0 0 1 0 
0 0 0 0 
1 1 0 0 
0 0 0 1 

1 0 0 1 
0 1 1 0 
0 0 0 0 
1 0 0 1 

1 0 1 1 
1 0 0 0 
1 1 1 0 
0 1 0 1 

0 1 0 1 
0 0 0 0 
0 0 1 1 
1 0 0 1 

1 1 0 1 
1 0 1 0 
1 0 1 0 
0 0 1 1 

1 0 0 1 
1 1 0 0 
0 0 0 1 
1 1 0 1 


0 1 0 1 
0 1 0 1 
0 1 0 0 
0 1 0 1 

0 1 1 0 
0 1 1 1 
1 0 1 0 
0 1 0 0 

0 0 0 1 
1 1 1 0 
1 0 1 1 
1 0 0 1 

1 1 0 1 
0 1 0 0 
0 0 0 1 
1 1 1 0 

0 0 1 1 
1 0 1 0 
1 0 0 0 
0 1 0 1 

0 1 0 1 
1 0 1 0 
1 0 1 1 
1 0 0 0 

1 0 1 1 
0 0 0 1 
0 1 1 0 
1 1 1 0 

1 0 0 1 
1 0 1 1 
1 0 0 1 
0 0 1 0 

0 1 0 1 
1 0 0 1 
0 1 1 0 
1 0 0 1 

1 0 1 0 
1 1 0 1 
1 0 0 0 
0 0 1 0 

0 0 1 1 
0 1 1 0 
1 0 0 0 
0 1 1 0 

0 0 1 0 
1 1 0 0 
0 0 0 0 
0 0 1 0 

0 1 0 1 
1 0 1 1 
1 1 0 1 
1 0 1 0 

1 0 1 1 
0 1 0 0 
1 0 0 1 
0 1 1 0 

1 1 0 0 
0 1 1 0 
1 0 1 1 
0 0 1 1 

1 0 1 1 
0 1 1 0 
0 1 0 1 
0 1 1 0 

1 1 0 1 
0 1 0 1 
1 0 0 1 
0 0 1 0 

1 1 0 0 
0 1 1 0 
1 0 0 0 
1 0 1 0 


1 0 1 1 
1 1 0 0 
1 1 0 1 
0 0 1 1 

0 0 1 1 
0 1 0 0 
1 0 1 0 
1 1 0 0 

0 0 1 0 
1 0 1 1 
1 0 1 0 
0 0 0 1 

0 0 1 0 
0 1 0 1 
0 1 0 1 
1 1 0 1 

0 0 1 1 
0 1 0 1 
0 0 1 1 
1 0 1 0 

0 0 1 1 
1 1 1 1 
1 1 1 0 
1 1 0 1 

0 0 0 1 
0 0 0 1 
1 1 0 1 
1 0 0 1 

0 0 1 1 
0 1 0 1 
0 1 1 0 
0 1 0 1 

1 0 0 1 
0 0 1 0 
1 0 0 0 
0 0 1 1 

1 0 1 1 
0 0 1 1 
0 1 1 1 
1 1 0 0 

1 0 1 1 
0 1 0 1 
1 1 0 0 
1 0 1 0 

0 1 0 1 
1 0 0 0 
1 1 0 0 
1 0 1 1 

0 1 0 1 
1 0 0 0 
1 1 0 1 
1 0 0 0 

0 0 1 1 
1 0 1 0 
0 1 1 0 
1 1 1 1 

1 0 1 0 
0 1 0 1 
1 1 1 0 
0 1 0 1 

1 1 0 0 
1 0 0 0 
1 1 0 0 
0 1 1 0 

1 1 0 0 
1 0 1 0 
1 1 0 1 
0 0 0 1 


0 0 1 1 
1 0 0 1 
1 0 0 0 
1 0 0 0 

0 1 0 1 
0 1 1 0 
0 1 1 0 
1 1 0 0 

0 1 0 0 
0 1 1 0 
0 0 1 1 
0 1 1 1 

1 1 0 1 
0 1 0 1 
1 0 1 0 
0 0 0 1 

1 1 1 0 
0 1 1 1 
0 1 1 0 
1 0 1 0 

1 0 0 1 
0 0 1 1 
0 0 1 0 
1 0 1 0 

1 0 0 1 
0 1 0 0 
0 1 1 1 
1 0 1 0 

1 0 1 0 
0 0 1 0 
0 1 1 1 
1 0 1 0 

0 1 1 0 
0 0 1 0 
1 0 1 1 
1 0 1 0 

0 1 1 1 
1 1 0 0 
1 0 0 1 
1 0 1 0 

0 1 1 0 
1 1 1 0 
0 0 1 1 
1 0 1 1 

1 1 0 0 
0 0 0 1 
1 0 0 1 
0 0 1 1 

0 1 1 0 
1 0 1 1 
1 0 1 1 
1 0 1 0 

0 1 1 0 
0 1 1 1 
0 1 0 0 
1 0 1 1 

0 1 1 1 
1 0 0 1 
0 1 1 0 
0 0 1 1 

0 1 0 1 
1 0 0 0 
0 1 1 0 
1 0 1 0 


1 1 0 0 
0 1 1 0 
0 1 0 1 
0 1 0 1 

0 1 1 0 
0 0 0 1 
0 0 1 0 
0 1 1 0 

0 0 1 1 
1 0 1 0 
1 0 1 1 
1 1 0 1 

0 0 0 1 
1 1 0 1 
1 1 0 1 
0 0 0 0 

1 1 0 1 
0 1 0 1 
0 1 1 1 
0 1 1 1 

0 1 0 1 
0 1 0 1 
1 1 0 0 
0 0 1 0 

1 0 0 0 
1 1 0 1 
0 0 1 1 
1 0 0 1 

1 0 1 0 
1 0 1 0 
1 0 0 1 
1 1 0 0 

1 1 0 0 
1 1 0 1 
1 0 0 1 
0 1 1 0 

0 1 1 1 
1 0 0 1 
0 1 1 1 
0 1 1 1 

1 0 0 1 
0 1 1 0 
1 0 1 1 
0 0 1 1 

1 1 1 1 
0 1 1 0 
0 0 1 0 
1 0 0 1 

0 0 1 1 
0 1 1 0 
0 0 1 1 
1 1 1 0 

1 1 0 0 
0 1 1 1 
0 0 0 0 
1 1 1 1 

1 0 0 0 
0 1 1 0 
1 1 0 0 
1 1 0 0 


0 1 1 1 
0 1 0 0 
0 0 1 0 
0 0 1 1 

1 0 1 0 
1 0 1 1 
1 1 1 0 
1 1 0 0 

0 1 1 0 
0 1 0 1 
1 1 1 0 
0 0 0 0 

0 1 0 1 
0 1 1 0 
0 0 1 1 
1 0 1 0 

1 0 0 1 
1 1 0 0 
1 0 0 1 
1 1 0 0 

1 1 1 0 
1 0 1 0 
1 1 0 1 
0 1 0 1 

0 0 0 0 
1 1 1 0 
1 1 0 0 
1 0 0 0 

1 0 1 0 
1 1 0 1 
1 1 0 0 
0 0 1 1 

1 1 0 0 
0 1 0 1 
0 1 1 1 
1 0 1 1 

0 1 1 0 
1 0 1 1 
0 1 1 0 
1 0 0 0 

1 1 0 0 
1 0 0 1 
1 1 1 1 
0 1 0 1 

0 1 0 0 
1 0 1 1 
1 1 0 0 
0 0 0 1 

1 0 1 0 
0 1 0 1 
1 0 0 1 
0 0 1 1 

1 1 1 0 
0 0 1 1 
0 1 0 1 
0 1 1 0 


0 0 1 1 
0 1 0 0 
1 1 0 0 
0 1 0 0 

1 1 0 1 
0 0 0 1 
1 0 1 1 
1 0 1 1 

0 1 0 0 
0 1 0 0 
0 0 1 1 
1 0 1 1 

1 1 0 0 
0 1 1 0 
0 0 0 1 
1 1 0 1 

0 1 1 0 
0 1 1 0 
0 0 1 0 
0 0 1 1 

1 0 0 0 
1 0 0 1 
0 0 1 1 
0 0 0 0 

1 1 0 1 
0 0 0 0 
1 0 1 1 
0 1 0 1 

0 1 0 0 
0 0 0 1 
1 1 0 0 
1 0 1 0 

1 0 0 0 
0 0 0 0 
0 1 1 0 
1 0 1 0 

0 1 1 0 
1 0 1 0 
0 0 1 0 
1 0 1 1 

0 1 0 1 
1 0 0 0 
0 1 0 1 
0 1 0 1 

0 1 0 0 
0 0 0 1 
1 0 1 0 
0 1 0 1 

1 1 1 0 
1 1 1 0 
1 0 0 0 
0 0 1 0 


1 0 1 1 
0 1 1 0 
1 1 0 0 
0 1 1 1 

0 1 0 0 
0 1 0 0 
1 1 0 0 
1 0 1 0 

1 0 0 1 
1 1 1 0 
0 0 1 1 
0 1 0 1 

0 1 0 1 
0 1 1 0 
1 1 0 0 
0 0 1 1 

0 1 1 1 
0 1 0 0 
1 1 1 0 
1 0 1 1 

1 0 0 1 
0 0 1 0 
1 1 1 0 
1 1 0 0 

0 0 0 1 
1 1 0 1 
0 1 0 0 
0 1 0 0 

0 1 1 0 
0 0 1 0 
0 1 0 0 
0 0 1 0 

1 1 0 1 
1 0 0 0 
0 1 1 1 
1 0 0 0 

0 0 0 1 
0 0 1 1 
1 0 1 0 
0 0 1 0 

1 0 1 0 
0 0 0 1 
1 1 1 0 
1 0 0 0 

1 0 1 1 
0 0 0 1 
0 1 1 0 
0 1 1 0 


0 0 1 0 
0 0 1 0 
0 0 1 0 
1 0 0 1 

1 0 1 1 
0 1 0 1 
1 1 0 1 
0 1 0 1 

0 1 1 1 
0 0 1 1 
0 1 1 1 
0 1 0 1 

1 0 0 1 
1 0 1 1 
0 0 0 1 
1 0 1 1 

0 0 1 1 
1 0 0 1 
1 0 0 1 
1 0 1 1 

1 1 1 0 
0 0 1 0 
1 0 1 1 
1 0 0 1 

0 0 1 1 
0 0 1 1 
1 0 0 0 
1 1 0 1 

1 0 1 0 
0 0 1 0 
1 0 0 0 
1 1 0 1 

1 0 1 0 
0 1 1 1 
0 1 1 0 
1 0 0 1 

1 1 1 0 
1 0 0 0 
0 1 1 0 
1 0 0 0 

1 0 0 0 
1 1 1 0 
0 1 1 1 
0 0 1 0 


0 0 1 1 
1 0 1 1 
0 1 1 1 
0 0 1 0 

1 1 1 0 
1 0 0 0 
0 0 0 1 
1 1 1 0 

0 1 0 1 
0 1 1 0 
0 1 0 0 
1 1 1 1 

1 1 0 1 
1 0 1 0 
1 0 1 1 
0 0 0 1 

0 1 1 0 
0 1 0 1 
0 1 1 1 
0 1 0 0 

1 0 0 1 
0 0 1 0 
1 1 0 0 
0 1 1 0 

1 1 1 0 
0 1 0 1 
0 0 1 1 
1 1 1 0 

1 1 0 0 
1 0 0 1 
1 0 1 0 
0 1 1 1 

1 0 0 0 
0 1 1 0 
1 1 0 0 
1 0 1 0 

0 0 1 1 
1 0 0 0 
0 1 0 0 
0 1 1 1 


1 1 0 0 
1 1 0 0 
1 0 0 1 
0 1 1 0 

1 0 1 1 
1 1 0 1 
1 0 0 1 
0 1 0 1 

1 1 1 0 
1 0 0 0 
0 1 0 0 
1 0 1 0 

1 1 0 1 
1 1 0 0 
1 0 0 1 
1 1 0 0 

1 0 0 1 
1 0 1 0 
1 1 1 0 
0 0 1 0 

1 1 1 0 
0 1 0 1 
1 0 0 1 
0 0 0 1 

1 0 1 0 
1 1 1 0 
1 1 0 1 
1 0 1 0 

1 0 1 0 
1 1 0 0 
0 1 1 0 
0 0 1 1 

1 1 0 1 
1 1 0 0 
0 1 0 1 
0 0 1 1 


1 0 1 1 
0 1 1 0 
1 1 0 1 
0 0 0 1 

1 0 0 0 
0 1 1 1 
1 0 1 1 
1 0 1 0 

0 1 1 0 
1 0 0 0 
0 0 0 0 
1 0 0 1 

1 1 1 0 
1 1 0 0 
1 0 1 0 
1 1 0 0 

0 1 1 0 
0 0 0 1 
0 0 1 1 
0 0 0 1 

1 0 1 0 
0 0 0 1 
0 0 1 0 
1 0 1 0 

0 1 1 0 
1 0 0 0 
1 0 1 1 
1 0 1 1 

1 0 1 0 
1 1 1 0 
0 1 1 0 
0 1 0 0 


0 0 1 1 
1 0 0 0 
1 0 1 1 
1 0 1 0 

1 0 0 0 
0 0 1 1 
1 1 1 0 
0 1 1 0 

0 0 0 1 
0 1 0 0 
1 0 1 0 
0 0 1 1 

1 0 0 0 
0 1 0 1 
1 0 1 0 
0 1 1 0 

1 1 1 0 
0 1 1 1 
1 0 0 0 
0 1 1 1 

0 0 0 0 
1 1 1 0 
1 0 1 0 
1 0 0 1 

0 1 0 1 
0 1 1 0 
0 1 0 0 
0 1 1 0 


0 1 1 1 
1 1 0 0 
1 1 1 0 
1 0 0 0 

0 0 0 0 
1 0 1 0 
1 0 0 1 
1 1 1 1 

0 0 1 1 
0 0 0 0 
0 0 1 0 
0 1 1 0 

1 0 0 0 
1 0 0 1 
0 1 0 0 
1 1 0 1 

1 1 0 1 
1 0 1 1 
0 1 0 0 
0 0 1 1 

0 0 0 1 
1 0 1 1 
1 1 0 1 
0 0 0 1 


0 1 1 1 
0 0 1 1 
0 0 1 1 
1 0 1 0 

0 0 1 0 
1 0 0 1 
0 1 0 1 
1 1 0 0 

1 1 1 0 
0 1 0 0 
1 0 0 0 
1 0 1 0 

0 0 1 0 
0 1 0 1 
1 1 0 1 
1 0 1 0 

0 0 1 0 
1 0 0 1 
1 1 1 0 
1 0 1 0 


0 1 0 0 
1 0 0 1 
1 1 1 0 
1 1 1 0 

0 0 1 1 
0 1 1 0 
0 0 1 1 
1 1 0 1 

0 0 1 1 
1 0 1 0 
0 1 1 0 
1 0 1 0 

0 1 0 1 
1 1 0 0 
1 1 0 0 
0 1 1 0 


1 0 0 1 
0 1 0 0 
1 0 1 0 
1 0 0 1 

0 0 1 0 
1 0 1 1 
0 1 1 0 
1 1 1 0 

1 1 1 0 
1 0 1 0 
0 0 1 1 
0 1 0 1 


1 1 0 1 
1 0 0 1 
0 0 0 1 
0 1 0 0 

1 0 1 1 
1 1 0 0 
1 0 1 0 
0 0 1 1 


0 0 0 1 
0 1 1 1 
1 1 0 1 
1 0 0 0 



1 0 1 0 
0 1 1 0 
0 1 0 1 
0 0 0 1 

1 0 0 0 
0 1 1 1 
1 0 0 1 
1 1 0 0 

0 0 1 1 
1 0 1 1 
0 1 0 1 
1 0 0 1 

1 0 0 1 
0 1 0 1 
0 0 0 1 
0 0 0 1 

1 0 0 1 
0 1 0 1 
0 0 0 1 
1 0 0 1 

1 1 0 1 
1 0 1 0 
1 1 1 1 
1 1 0 0 

1 0 1 1 
0 1 1 0 
0 0 1 0 
1 0 0 0 

0 0 1 1 
1 0 1 0 
1 1 0 0 
1 0 1 0 

1 0 0 1 
1 1 1 0 
0 1 1 0 
1 0 1 1 

1 0 1 1 
1 0 0 0 
0 0 1 1 
0 1 1 0 

1 0 1 1 
0 0 0 1 
0 0 1 1 
1 1 0 0 

0 1 1 0 
0 1 1 0 
0 0 0 1 
0 0 1 1 

1 0 1 1 
0 0 1 0 
0 1 1 0 
0 1 1 1 

0 1 1 1 
0 1 1 1 
0 0 1 1 
1 1 0 1 

0 1 1 1 
0 0 0 0 
1 0 0 1 
1 0 1 0 

0 1 1 1 
1 0 0 1 
0 0 0 1 
1 1 1 0 

0 0 1 1 
0 0 0 1 
1 1 1 0 
1 0 0 0 

1 0 1 0 
1 0 0 0 
0 1 1 1 
0 1 1 0 

1 1 1 0 
1 0 0 1 
0 1 0 1 
0 1 1 0 

0 1 1 1 
0 0 1 0 
1 0 0 0 
0 0 1 1 

1 1 0 0 
1 0 0 1 
0 0 1 1 
0 0 1 1 

0 0 1 1 
0 1 0 1 
0 1 0 1 
1 0 0 1 

1 1 1 0 
1 1 1 0 
0 0 1 0 
1 1 0 0 


0 1 1 0 
0 0 0 1 
1 1 1 1 
1 1 0 1 

0 1 1 0 
1 0 0 1 
0 1 1 1 
1 0 0 0 

1 1 0 0 
1 0 0 0 
1 0 1 1 
1 0 1 1 

1 1 0 1 
1 1 0 1 
0 1 1 0 
0 0 0 0 

1 0 1 1 
1 1 1 0 
1 1 0 1 
0 1 1 0 

0 1 0 1 
1 1 0 1 
1 1 1 0 
1 1 1 0 

0 1 1 0 
1 0 1 1 
0 1 1 0 
0 0 0 1 

1 1 0 0 
0 0 1 1 
1 0 0 0 
0 1 0 1 

1 0 1 1 
0 1 1 0 
1 0 0 0 
0 0 1 0 

1 0 0 0 
0 1 1 1 
0 1 0 0 
0 1 1 1 

1 0 1 0 
1 0 1 0 
0 1 1 0 
0 0 0 1 

0 0 1 1 
0 1 1 0 
1 0 0 0 
0 0 0 0 

0 0 0 1 
0 1 1 1 
0 1 1 0 
1 1 0 0 

1 1 0 1 
1 0 0 1 
0 0 1 1 
1 1 0 0 

1 0 0 0 
1 0 1 0 
0 1 0 0 
0 0 0 0 

0 0 1 1 
1 0 0 1 
1 1 1 0 
1 0 0 1 

0 0 1 0 
0 1 1 0 
0 1 1 0 
0 1 1 0 

1 1 0 0 
1 0 1 0 
0 1 0 0 
0 0 0 1 

0 1 1 0 
1 0 0 0 
1 0 0 1 
0 0 1 1 

1 0 1 1 
1 0 1 1 
1 1 1 0 
1 0 1 1 

1 1 0 0 
0 1 1 0 
1 1 0 1 
0 0 0 1 

1 1 1 0 
1 0 0 1 
1 0 0 1 
0 0 0 0 


1 1 0 1 
0 1 1 1 
0 0 1 1 
0 1 1 1 

1 1 1 0 
1 1 1 0 
1 1 1 1 
1 1 0 0 

0 1 0 1 
0 1 0 1 
0 1 0 0 
0 0 1 0 

1 1 0 0 
0 0 1 1 
1 0 1 1 
1 1 0 0 

0 1 1 1 
0 1 1 0 
0 0 1 1 
0 1 1 1 

0 0 0 0 
1 1 1 0 
1 0 1 0 
0 1 0 1 

1 0 0 1 
0 0 1 0 
0 1 0 1 
1 0 1 1 

0 1 1 0 
0 0 1 0 
1 0 1 0 
0 0 1 1 

0 0 1 1 
1 0 0 1 
0 0 1 1 
0 0 0 1 

1 0 1 1 
0 1 1 0 
0 1 1 1 
1 1 1 1 

1 1 1 0 
0 1 1 0 
1 1 0 1 
0 1 1 0 

1 1 0 1 
0 0 1 1 
0 0 1 1 
0 1 0 1 

1 1 0 0 
1 0 0 1 
0 0 0 1 
0 1 1 1 

1 0 0 1 
0 0 1 1 
0 0 1 1 
0 1 1 0 

0 1 0 1 
0 0 1 1 
1 0 1 0 
1 0 0 1 

1 0 0 0 
1 0 1 1 
0 1 0 0 
1 1 0 1 

1 0 0 0 
0 1 0 1 
1 1 0 1 
1 0 0 0 

0 0 0 0 
0 0 1 0 
1 1 0 0 
1 1 1 0 

1 1 0 0 
1 0 0 0 
1 0 1 0 
1 0 0 1 

1 0 0 1 
1 0 1 1 
1 0 0 1 
0 0 1 0 

0 1 0 1 
0 0 1 0 
0 0 1 0 
0 0 1 1 


1 1 0 0 
1 0 0 1 
1 0 1 1 
1 0 0 1 

1 0 1 0 
0 0 1 1 
0 1 0 1 
0 0 0 1 

1 0 0 1 
1 1 0 0 
0 1 0 1 
0 1 0 0 

0 1 0 1 
0 0 1 1 
0 0 1 1 
0 1 1 0 

0 1 0 1 
0 1 1 1 
0 1 0 0 
0 1 0 1 

0 0 0 1 
0 1 1 0 
0 1 1 0 
0 0 0 1 

1 0 1 0 
0 0 1 1 
1 0 1 1 
0 1 0 1 

0 1 0 1 
1 0 0 0 
1 1 0 1 
1 0 0 1 

0 0 1 1 
1 0 0 0 
0 0 1 1 
1 1 0 0 

0 0 1 1 
1 0 1 1 
0 1 0 1 
0 1 1 1 

1 1 1 1 
1 0 1 1 
0 1 1 0 
0 0 0 0 

1 1 1 0 
1 0 1 0 
1 1 1 0 
0 1 0 1 

0 0 0 1 
0 0 1 1 
0 0 0 1 
0 0 0 1 

1 1 1 0 
0 1 1 0 
1 0 1 1 
0 1 1 0 

1 1 0 0 
0 1 0 0 
1 0 0 1 
0 1 1 1 

1 1 0 0 
0 1 1 0 
1 0 0 1 
0 1 1 0 

1 0 0 1 
0 0 1 1 
0 1 0 0 
0 0 0 1 

0 1 1 0 
1 1 1 0 
1 0 0 0 
1 0 0 0 

1 0 1 1 
0 1 0 0 
1 0 1 0 
0 1 0 1 

1 0 1 1 
0 0 1 0 
1 1 0 1 
1 0 1 0 


1 1 1 0 
1 0 1 0 
1 0 1 0 
1 0 1 0 

0 1 1 1 
1 1 1 0 
0 1 1 1 
0 0 0 1 

0 1 0 1 
0 1 1 0 
0 1 0 1 
0 1 0 0 

0 0 0 1 
0 1 1 1 
0 1 0 1 
1 1 1 0 

0 0 1 1 
0 1 1 0 
1 1 0 1 
0 0 1 0 

1 0 1 1 
1 0 0 1 
0 1 0 0 
0 0 1 0 

1 0 1 0 
1 0 0 1 
0 0 1 1 
0 1 1 0 

0 1 1 1 
1 0 1 1 
1 1 1 0 
1 0 0 1 

0 1 0 1 
1 0 0 0 
1 0 0 1 
1 1 0 0 

0 1 1 0 
0 0 0 1 
0 1 0 0 
0 1 1 1 

1 1 0 1 
0 1 1 0 
1 1 0 0 
0 1 1 0 

1 0 1 1 
0 1 0 0 
1 1 1 0 
0 1 1 0 

0 1 1 1 
1 0 1 1 
0 1 0 0 
1 0 0 1 

1 0 0 0 
0 1 0 1 
1 1 1 0 
1 1 0 0 

0 1 0 1 
0 0 0 1 
0 0 1 1 
0 0 0 1 

1 1 0 1 
0 1 0 1 
1 1 0 0 
1 0 0 1 

0 0 0 1 
0 0 1 1 
1 1 1 0 
0 0 1 1 

1 0 1 1 
0 0 0 1 
0 1 1 1 
1 1 1 0 

1 0 1 0 
0 1 0 0 
0 1 1 0 
0 1 1 1 


1 1 0 1 
0 1 0 1 
1 1 0 1 
1 1 1 0 

1 1 0 1 
0 0 1 1 
1 1 0 1 
0 0 1 1 

0 0 1 0 
1 0 1 1 
1 1 1 0 
0 0 0 1 

0 1 0 1 
0 1 1 0 
1 0 1 1 
0 0 1 1 

1 1 0 0 
0 0 1 1 
1 0 0 1 
1 1 1 0 

1 1 1 0 
1 0 0 0 
1 0 1 0 
0 0 0 1 

0 0 1 1 
1 0 0 0 
1 0 0 0 
1 0 0 0 

0 1 0 1 
0 0 1 1 
0 0 0 1 
0 1 0 0 

1 0 0 0 
1 1 1 0 
0 1 0 1 
0 1 0 1 

1 0 0 1 
1 0 0 1 
0 0 0 1 
0 1 1 1 

1 0 1 1 
0 0 1 1 
0 1 1 0 
1 1 1 0 

0 1 1 0 
0 1 0 0 
1 1 0 0 
1 0 0 1 

0 1 1 0 
0 0 0 1 
1 0 1 0 
1 0 1 1 

0 1 1 1 
1 0 1 0 
1 1 0 1 
1 1 1 0 

1 0 1 1 
1 1 0 0 
1 1 1 0 
0 1 1 0 

0 0 1 0 
1 1 0 0 
0 0 1 1 
1 1 0 0 

1 0 1 0 
1 1 0 0 
1 1 0 0 
1 0 1 0 

0 1 1 0 
0 1 0 0 
0 1 0 0 
0 0 1 1 


1 0 1 0 
1 0 0 0 
1 0 1 1 
1 0 1 0 

0 1 1 0 
0 0 0 1 
1 0 0 1 
1 0 0 1 

0 1 0 1 
0 1 0 1 
1 1 0 0 
0 0 1 1 

0 1 1 1 
0 1 1 0 
0 1 0 1 
1 1 0 0 

0 1 0 1 
0 1 1 0 
0 1 0 1 
0 1 1 1 

0 0 1 0 
1 1 0 0 
1 1 0 1 
1 0 1 0 

0 0 1 0 
1 0 1 1 
1 1 1 0 
0 0 1 0 

0 0 1 0 
0 1 1 1 
0 0 1 1 
0 1 0 0 

0 0 1 1 
0 1 0 1 
1 0 1 1 
0 1 1 1 

0 0 1 1 
0 1 1 0 
1 1 0 1 
1 0 1 0 

0 0 0 1 
1 0 1 0 
1 1 0 0 
1 0 1 1 

0 1 0 1 
0 1 0 1 
0 0 0 1 
1 1 0 1 

1 1 1 1 
1 1 0 0 
0 1 0 1 
1 1 1 0 

1 0 1 0 
0 1 1 0 
1 1 0 0 
1 1 0 0 

0 1 1 1 
1 1 0 1 
0 0 1 1 
0 1 0 0 

0 0 1 1 
1 1 1 0 
0 1 0 0 
0 0 0 1 

0 1 1 0 
1 1 0 0 
1 1 1 0 
0 1 1 0 


0 0 1 0 
0 1 0 0 
1 1 1 0 
1 1 0 0 

0 0 0 0 
1 1 1 0 
1 0 0 0 
1 0 1 0 

0 0 1 1 
1 0 1 1 
0 0 0 1 
0 1 0 1 

1 1 0 0 
1 1 0 0 
0 1 0 0 
1 0 1 0 

1 1 0 0 
0 1 1 0 
0 1 0 1 
1 1 0 1 

0 0 1 1 
0 1 0 1 
1 1 1 0 
0 0 1 1 

0 1 0 1 
0 0 1 0 
0 0 1 0 
0 1 1 0 

0 1 0 1 
0 1 0 1 
0 0 0 1 
0 0 0 0 

0 1 0 1 
1 0 1 1 
1 1 1 0 
0 0 1 1 

0 1 0 0 
1 0 0 0 
0 1 1 0 
0 1 1 1 

1 0 1 0 
0 1 0 1 
1 0 0 0 
0 0 1 1 

1 1 1 0 
0 1 0 1 
1 0 1 0 
0 1 1 1 

1 0 0 1 
0 0 0 1 
1 1 0 1 
1 0 1 1 

1 0 1 0 
0 0 0 1 
1 0 0 0 
0 0 1 0 

0 1 1 0 
1 0 0 0 
0 1 1 1 
1 0 1 1 

0 1 1 0 
1 0 0 1 
0 1 0 1 
0 1 0 1 


0 1 0 1 
0 1 1 1 
1 1 1 1 
1 1 0 0 

1 1 1 0 
0 0 1 0 
1 0 0 0 
0 0 0 1 

0 0 0 1 
1 0 0 0 
1 1 0 1 
1 0 1 1 

1 0 0 0 
0 1 1 0 
0 1 0 0 
0 0 1 1 

0 0 0 1 
0 0 1 1 
0 1 0 1 
0 0 1 0 

0 0 0 1 
1 1 1 1 
1 1 1 0 
0 1 1 0 

1 0 1 1 
1 0 0 0 
1 0 1 1 
1 1 1 1 

0 0 1 1 
1 1 0 1 
1 1 0 1 
1 1 1 0 

0 1 1 0 
1 1 1 0 
1 1 1 0 
0 1 1 0 

1 0 1 1 
0 1 0 0 
0 0 1 1 
1 1 0 0 

1 0 1 0 
0 1 1 1 
1 0 0 0 
1 1 0 0 

1 0 1 0 
1 1 0 1 
0 1 0 1 
1 0 1 1 

0 1 0 1 
1 1 1 0 
0 1 1 1 
0 1 0 1 

1 0 0 1 
0 1 1 0 
1 0 0 1 
1 1 0 0 

0 1 0 1 
0 0 1 1 
0 0 0 1 
0 1 1 1 


1 1 1 0 
0 0 1 0 
0 1 0 1 
1 1 1 1 

1 0 0 1 
1 1 0 1 
1 0 0 0 
1 0 1 0 

1 0 0 0 
0 0 1 1 
1 1 0 0 
1 1 0 0 

0 0 0 1 
1 0 1 0 
1 0 0 0 
1 0 0 1 

1 0 1 0 
0 0 0 0 
0 1 0 1 
0 1 1 0 

0 1 0 1 
0 0 1 1 
0 1 0 0 
0 1 1 0 

1 0 1 0 
1 0 0 1 
0 1 1 0 
0 1 1 0 

0 1 0 1 
1 0 0 1 
0 1 1 0 
1 0 0 1 

0 1 1 0 
1 0 0 1 
0 0 1 0 
1 1 1 0 

1 1 1 0 
1 1 0 1 
1 0 1 0 
0 1 0 1 

1 0 0 1 
0 0 1 0 
1 0 1 0 
0 1 1 0 

0 0 0 1 
0 0 0 1 
1 0 1 0 
0 1 1 0 

1 1 0 0 
0 1 1 1 
0 0 1 1 
0 1 1 0 

0 1 1 1 
1 0 0 1 
0 0 1 1 
1 1 0 1 


0 1 1 1 
0 1 0 1 
0 1 0 1 
0 1 0 1 

0 1 0 0 
1 0 0 1 
0 0 1 0 
0 1 0 1 

0 0 0 1 
0 0 0 1 
0 1 0 0 
0 1 0 1 

0 1 1 0 
1 1 0 0 
1 0 0 0 
0 1 1 1 

0 0 0 0 
0 1 0 1 
1 0 0 1 
0 0 1 0 

0 1 1 0 
0 1 0 1 
1 1 1 1 
1 0 1 0 

1 0 0 0 
1 0 1 0 
1 0 0 0 
1 0 0 1 

1 1 1 0 
1 1 0 1 
1 0 0 1 
0 0 1 1 

1 0 1 0 
1 1 0 0 
0 0 0 1 
1 0 0 0 

0 0 1 1 
1 1 0 0 
0 0 0 1 
1 0 0 1 

0 0 0 0 
1 0 0 1 
1 1 0 0 
1 0 0 1 

1 1 0 1 
0 1 0 1 
0 0 1 0 
0 0 0 1 

0 1 1 0 
1 0 0 1 
0 1 0 1 
1 0 0 0 


1 1 0 1 
0 1 1 1 
0 0 0 0 
1 1 1 0 

0 0 1 0 
1 0 1 0 
0 0 1 0 
1 0 0 1 

0 1 1 1 
0 1 0 0 
0 0 1 1 
1 0 1 1 

0 0 1 1 
1 0 1 0 
1 1 1 0 
1 0 1 0 

0 1 0 1 
0 0 1 1 
1 0 1 0 
1 1 1 0 

1 1 0 1 
0 0 1 1 
1 1 0 1 
1 1 0 1 

1 0 1 1 
1 0 1 0 
1 0 1 0 
0 0 0 1 

1 1 1 0 
1 0 0 0 
0 0 0 1 
1 0 0 0 

1 0 0 1 
0 1 0 1 
1 0 1 1 
0 1 0 0 

1 1 0 1 
0 1 0 1 
1 0 0 1 
1 1 0 0 

0 1 1 1 
0 1 0 0 
0 1 1 0 
1 0 1 1 

0 0 1 0 
1 0 1 0 
0 0 0 1 
1 1 0 0 


0 1 0 1 
1 0 0 0 
0 0 1 1 
0 0 0 1 

0 0 1 0 
1 1 1 0 
0 0 1 1 
0 1 0 1 

1 1 0 1 
1 1 0 1 
0 1 0 1 
1 1 0 1 

0 1 1 1 
1 0 1 0 
1 0 1 1 
1 0 0 0 

1 1 1 1 
1 1 1 1 
0 1 1 1 
0 0 1 0 

1 1 0 1 
0 1 1 0 
1 0 1 0 
0 1 0 0 

0 1 1 0 
0 1 0 0 
1 1 0 0 
1 1 0 0 

1 1 0 0 
0 1 0 0 
0 0 1 1 
0 1 1 1 

1 0 1 0 
1 1 0 0 
0 0 1 1 
1 0 1 1 

0 1 0 0 
1 0 1 1 
1 1 0 1 
1 0 0 1 

0 1 1 0 
1 1 0 1 
1 1 1 0 
1 1 1 0 


0 0 1 0 
1 0 0 1 
1 0 1 0 
1 0 1 1 

1 1 0 0 
1 0 0 1 
0 0 1 1 
1 1 0 0 

1 1 0 0 
0 0 1 1 
0 0 1 0 
1 0 0 1 

1 0 0 1 
1 0 0 0 
0 0 1 1 
1 1 0 1 

1 0 1 0 
1 0 0 1 
1 1 1 0 
0 1 1 1 

1 1 1 1 
0 0 1 1 
1 0 1 0 
1 1 1 1 

0 1 0 1 
1 1 1 0 
0 1 0 1 
1 0 1 0 

0 1 0 1 
0 0 1 0 
0 0 1 0 
0 0 1 0 

0 1 0 1 
0 1 0 1 
1 0 1 1 
1 1 1 0 

1 1 0 1 
0 1 1 0 
1 1 0 0 
1 0 1 1 


1 1 0 1 
1 0 1 0 
0 0 1 1 
0 1 0 0 

1 1 1 0 
0 1 1 1 
1 0 0 0 
1 0 0 1 

1 1 0 1 
1 1 0 0 
1 1 1 0 
1 0 0 0 

1 0 0 0 
1 0 1 0 
1 1 0 0 
1 1 1 1 

1 1 0 1 
1 0 0 1 
1 0 0 0 
0 1 0 0 

1 0 1 1 
1 0 0 1 
0 0 0 1 
1 1 0 0 

1 0 0 1 
0 1 1 0 
0 1 0 1 
0 0 1 0 

0 1 1 1 
0 1 1 0 
1 0 0 1 
1 0 1 0 

0 1 0 0 
0 1 1 1 
1 0 0 1 
0 1 0 1 


0 1 1 0 
1 0 0 0 
0 0 0 1 
1 0 0 1 

1 1 0 0 
0 0 1 0 
1 0 0 0 
1 0 0 0 

0 0 1 1 
1 1 0 1 
1 0 0 1 
1 1 0 0 

0 1 0 0 
1 1 1 0 
0 0 1 1 
0 1 0 1 

0 0 1 1 
1 0 1 0 
1 1 1 0 
1 0 0 1 

0 0 0 1 
1 0 1 0 
0 0 0 1 
1 1 0 1 

1 0 0 0 
0 0 1 1 
0 1 0 1 
0 1 1 0 

0 1 0 0 
0 1 0 1 
1 0 1 0 
1 1 0 1 


1 0 1 0 
1 1 0 1 
1 0 0 1 
0 0 1 1 

1 0 1 1 
1 0 1 0 
0 1 0 1 
0 0 0 0 

0 1 1 0 
1 0 1 0 
1 1 1 0 
0 0 0 1 

0 1 0 0 
1 0 0 0 
0 1 0 0 
1 1 1 0 

1 0 0 1 
1 1 1 0 
1 0 1 0 
0 0 1 0 

1 0 1 0 
1 1 0 0 
0 0 1 0 
1 1 1 0 

1 1 1 1 
1 0 0 0 
1 0 0 0 
1 1 0 0 


1 1 0 0 
0 1 1 1 
0 0 1 1 
0 0 0 1 

0 0 1 1 
1 0 0 1 
1 0 1 0 
1 1 0 0 

1 0 0 1 
1 0 0 1 
1 1 1 0 
1 1 0 0 

0 0 1 1 
1 1 0 1 
0 1 1 1 
0 0 0 1 

0 1 0 1 
1 1 0 1 
0 1 1 0 
1 1 1 0 

1 0 0 0 
0 1 1 0 
1 0 0 1 
0 1 1 1 


0 0 0 1 
1 1 1 0 
0 0 0 1 
0 0 1 1 

0 1 0 1 
0 0 0 0 
0 0 0 1 
0 1 0 0 

1 0 0 0 
1 0 0 0 
1 1 1 0 
1 1 0 1 

1 1 0 0 
1 0 1 1 
1 1 1 0 
1 1 0 0 

1 1 1 0 
0 1 1 1 
0 1 1 1 
0 1 1 0 


1 1 1 0 
0 1 0 1 
0 0 1 1 
1 0 1 0 

0 1 1 0 
0 0 1 0 
0 1 1 0 
0 1 0 1 

0 1 0 1 
1 0 0 1 
0 1 0 0 
1 0 1 1 

1 0 0 0 
0 1 1 1 
0 0 1 1 
0 1 0 0 


0 0 0 1 
0 0 1 0 
1 0 1 1 
0 0 0 1 

1 0 0 0 
0 1 0 1 
1 0 0 0 
1 0 1 1 

0 1 1 1 
1 0 1 0 
0 1 1 0 
0 0 1 1 


0 1 0 0 
0 0 1 0 
0 1 0 0 
0 0 0 1 

0 1 1 0 
1 1 0 0 
1 1 0 1 
1 0 0 0 


0 0 1 0 
1 0 1 0 
0 0 1 1 
1 0 1 1 



9 10 8 7 
7 10 6 8 
4 10 9 1 
1 0 10 5 
10 0 7 1 
4 0 10 6 
0 5 7 1 
9 7 0 4 
9 7 2 6 
4 6 1 5 
6 2 7 8 
3 0 4 8 
3 9 8 4 
2 9 7 5 
3 8 5 2 
9 10 0 2 
9 7 4 8 
2 6 8 1 
0 2 5 10 
8 7 9 1 
2 6 7 0 
2 3 8 6 
4 1 0 8 
0 3 8 10 

7 2 8 6 
7 10 9 8 
8 3 7 0 
4 8 2 10 
8 2 4 9 
10 3 1 9 
7 0 6 10 
10 1 8 4 
8 1 5 4 
3 7 9 5 
1 6 3 7 
7 10 0 8 
8 5 4 0 
4 1 2 8 
8 4 6 10 
2 0 3 4 
8 5 1 10 
5 10 2 0 
2 8 7 3 
4 2 8 7 
1 7 3 10 
0 8 9 6 
7 0 3 5 
1 5 0 9 

5 4 7 8 
6 9 3 7 
0 8 4 1 
6 9 3 0 

8 6 2 7 
10 8 3 2 
4 6 5 7 
6 4 3 5 

8 5 0 10 
4 8 0 7 
8 9 7 0 
2 8 5 4 

0 10 5 3 
6 4 5 9 
4 10 0 1 
10 3 5 9 

0 1 9 5 
7 0 9 3 
5 10 9 0 
0 6 5 3 

9 7 0 10 
8 2 9 10 
0 3 10 8 
6 4 7 9 

3 4 1 9 
8 5 3 9 
1 5 4 9 
6 5 8 1 

0 5 9 7 
9 2 4 8 
6 7 1 0 
8 7 9 3 

3 0 8 9 
8 0 1 7 
1 7 4 6 
9 2 1 8 

8 3 9 4 
4 1 8 0 
3 2 7 4 
1 9 2 8 

0 2 3 8 
7 3 8 1 
9 0 5 10 
9 7 1 6 

9 8 4 2 
9 6 1 5 
2 1 4 3 
6 0 1 10 

6 7 4 8 
1 0 7 6 
2 3 0 6 
2 0 6 8 

2 4 0 9 
5 0 6 9 
8 6 0 3 
10 0 6 7 

1 7 0 3 
3 5 4 10 
10 8 4 3 
5 2 6 1 

10 2 0 5 
3 2 8 10 
5 2 8 9 
5 10 4 3 

2 10 6 8 
3 0 6 4 
3 8 7 6 
1 8 10 0 

1 8 7 3 
5 8 7 6 
0 1 7 6 
4 10 9 1 

3 5 9 0 
7 0 8 1 
7 9 6 0 
3 1 6 8 

3 9 10 6 
6 1 10 4 
9 2 8 7 
8 5 0 9 

6 8 5 2 
3 6 0 1 
0 4 9 6 
7 0 1 4 

8 6 0 5 
0 5 7 4 
2 9 4 5 
4 8 10 5 

6 3 1 2 
10 4 2 5 
1 5 3 9 
8 2 10 0 


1 0 3 8 
7 9 5 8 
6 10 8 3 
8 6 9 2 

1 4 8 3 
6 8 0 4 
7 0 10 6 
6 9 8 0 

7 10 4 0 
3 8 7 4 
2 6 1 3 
6 3 10 8 

7 5 6 1 
10 6 7 0 
6 1 9 2 
1 9 5 0 

0 3 4 9 
9 2 0 7 
8 0 9 6 
10 9 7 5 

1 0 5 6 
0 8 3 1 
8 4 0 2 
4 7 1 5 

8 6 0 3 
1 10 0 3 
4 5 0 1 
6 4 9 7 

2 6 5 8 
6 8 3 4 
2 5 1 0 
5 2 6 0 

9 5 3 4 
0 9 3 2 
2 5 3 9 
5 6 4 1 

6 0 7 9 
5 8 9 7 
3 2 0 10 
9 8 4 2 

8 9 2 0 
2 6 3 1 
3 4 7 5 
9 6 3 7 

8 0 10 9 
10 3 7 2 
7 8 6 4 
9 3 7 2 

7 0 9 10 
6 4 5 2 
5 3 10 6 
6 4 7 0 

7 2 6 1 
0 10 5 7 
5 7 9 2 
10 1 6 3 

6 5 2 4 
2 3 1 9 
8 3 0 10 
6 7 8 3 

0 1 4 10 
7 4 2 1 
3 2 9 1 
8 10 6 4 

0 4 2 6 
1 9 5 0 
1 0 10 2 
4 8 5 2 

7 1 3 0 
9 6 1 8 
5 4 6 10 
0 9 10 4 

2 10 7 0 
2 3 10 0 
4 1 8 7 
9 3 1 7 

8 4 10 0 
8 0 3 6 
8 6 10 3 
7 5 10 6 

9 5 10 0 
2 5 10 0 
9 0 7 1 
1 5 7 6 

9 8 10 7 
9 8 3 2 
2 6 3 4 
2 5 1 4 


2 5 1 9 
6 0 8 9 
7 1 8 4 
4 0 8 6 

10 5 8 7 
10 2 3 4 
10 0 7 8 
6 3 7 1 

8 1 9 2 
9 4 3 7 
8 9 1 6 
1 0 10 6 

10 9 4 2 
0 2 7 10 
7 4 10 5 
9 7 8 4 

0 9 5 3 
5 7 8 9 
8 1 7 0 
6 2 5 8 

5 6 10 7 
10 8 0 9 
6 2 8 3 
5 10 2 0 

2 9 10 1 
4 1 0 2 
9 2 1 10 
0 4 9 1 

2 1 0 5 
1 7 2 10 
8 2 1 5 
7 0 8 10 

9 10 2 4 
3 2 1 0 
5 10 3 6 
6 9 2 8 

3 7 6 4 
1 6 8 2 
4 2 9 7 
0 3 7 8 

3 7 9 0 
7 4 5 1 
10 2 1 7 
3 7 8 1 

2 8 9 1 
8 5 9 0 
5 1 7 6 
8 10 0 4 

10 8 4 2 
9 5 4 8 
5 7 1 10 
7 10 9 5 

0 6 9 2 
5 0 8 7 
0 5 2 9 
3 10 1 5 

5 3 6 9 
7 4 6 9 
4 9 3 10 
9 2 5 10 

2 7 3 9 
7 2 6 0 
2 3 5 10 
10 6 8 5 

8 7 4 0 
0 10 2 5 
8 10 1 3 
5 6 8 4 

1 3 10 7 
6 4 1 0 
1 4 10 3 
7 5 0 4 

3 10 7 8 
9 4 3 5 
5 6 7 10 
1 2 5 9 

0 10 4 1 
3 10 8 6 
7 10 6 3 
9 3 0 8 

0 10 6 2 
8 3 0 6 
8 4 9 1 
8 0 5 3 


4 5 3 0 
10 9 5 3 
6 5 9 2 
6 7 0 8 

6 8 1 9 
6 10 2 9 
7 0 10 1 
3 8 1 9 

7 1 2 8 
7 2 5 10 
0 9 1 3 
0 7 10 4 

1 10 6 7 
9 2 8 0 
7 10 3 6 
1 8 2 4 

1 6 4 0 
10 8 9 0 
10 8 9 5 
1 5 9 0 

7 5 0 10 
3 4 8 0 
0 2 6 3 
3 5 1 4 

4 5 1 7 
10 9 8 7 
1 9 3 2 
1 8 3 10 

1 2 7 3 
4 10 7 3 
1 3 9 6 
1 7 4 3 

4 6 7 1 
2 4 8 5 
8 2 3 6 
10 8 2 9 

2 10 9 0 
9 5 7 0 
7 2 6 1 
6 0 3 4 

5 7 2 8 
6 5 7 4 
3 6 5 2 
0 4 2 6 

7 3 9 1 
2 1 8 7 
8 6 3 5 
9 8 6 1 

10 2 3 1 
4 6 0 10 
6 10 3 8 
2 9 6 8 

4 6 2 0 
7 9 5 8 
10 5 1 3 
6 1 2 10 

4 3 7 8 
8 9 2 5 
5 2 10 9 
9 10 8 4 

7 4 6 0 
10 8 7 9 
8 9 4 6 
5 3 8 4 

3 8 9 7 
8 1 3 6 
5 3 9 1 
3 7 6 0 

7 5 1 2 
5 0 9 6 
8 7 6 3 
7 8 9 6 

8 7 0 9 
2 6 1 5 
6 10 8 0 
4 9 3 6 

10 4 2 8 
9 10 1 0 
2 9 5 3 
8 7 5 4 


7 3 5 9 
3 4 5 7 
6 0 8 5 
3 5 4 6 

4 0 8 2 
6 5 4 7 
10 5 6 3 
0 2 9 6 

7 1 10 3 
10 8 9 6 
6 1 2 7 
9 3 10 8 

2 4 7 9 
7 9 10 0 
8 4 7 6 
7 1 2 10 

9 10 5 3 
2 10 7 5 
7 10 4 5 
4 3 1 8 

1 0 9 4 
4 9 0 10 
8 7 10 3 
2 9 0 3 

8 0 7 1 
2 9 1 4 
2 5 6 7 
3 8 9 10 

3 9 4 1 
3 10 6 0 
7 6 1 10 
7 1 2 0 

3 0 6 8 
3 9 2 7 
4 2 1 6 
4 0 3 10 

4 3 9 5 
0 9 6 10 
0 1 3 5 
0 5 6 8 

0 8 2 1 
0 6 3 4 
1 5 9 0 
7 3 2 8 

5 3 4 8 
5 7 4 8 
10 0 8 3 
3 7 6 1 

3 9 4 8 
7 9 4 5 
2 5 0 8 
9 1 6 0 

2 10 6 1 
7 3 6 8 
10 5 1 3 
9 10 7 0 

7 3 10 1 
8 4 3 10 
2 1 4 0 
4 7 9 0 

10 1 6 7 
4 10 0 9 
3 2 10 4 
1 0 2 10 

7 4 5 10 
5 9 4 0 
1 0 8 3 
8 4 10 3 

3 8 7 0 
0 3 6 7 
8 9 7 10 
9 2 6 8 

0 5 10 9 
8 7 6 9 
1 6 5 3 
9 3 1 5 


4 0 2 6 
5 2 9 10 
4 9 3 7 
8 2 0 7 

7 9 1 10 
6 1 7 4 
10 7 4 8 
8 3 10 1 

3 10 9 4 
6 7 0 10 
7 3 6 9 
0 10 7 4 

5 0 3 7 
0 6 4 3 
6 8 7 5 
2 10 1 7 

9 8 1 4 
8 0 1 7 
7 3 9 4 
3 10 2 9 

1 9 5 8 
9 1 8 3 
3 9 8 10 
9 4 7 1 

4 9 3 0 
9 8 3 7 
8 6 3 4 
6 2 5 8 

8 9 7 10 
3 9 8 6 
8 9 1 6 
7 0 3 2 

4 6 10 2 
3 8 4 6 
0 8 1 9 
1 8 5 0 

6 8 10 7 
1 9 6 7 
6 9 0 10 
3 2 6 0 

6 1 4 0 
0 1 9 2 
2 4 8 9 
8 7 2 1 

6 5 9 7 
6 9 8 4 
5 7 2 3 
6 3 8 10 

6 8 4 1 
0 2 8 9 
5 8 6 2 
1 6 3 7 

0 3 9 5 
2 1 3 5 
4 9 7 1 
4 10 5 6 

4 3 10 0 
5 7 0 3 
10 1 2 5 
8 0 7 3 

4 2 7 8 
4 10 1 0 
7 3 2 9 
7 4 2 6 

9 5 8 3 
9 3 4 1 
10 0 6 5 
10 5 9 0 

2 1 7 9 
10 8 4 1 
1 8 3 2 
1 5 3 7 


8 7 0 5 
1 7 6 10 
0 5 6 7 
10 3 1 4 

2 0 7 1 
1 2 5 3 
4 3 2 1 
10 4 1 3 

2 0 4 1 
4 5 10 1 
10 7 3 2 
4 10 7 0 

7 5 0 3 
1 4 9 0 
7 8 0 5 
0 7 4 9 

4 9 3 8 
3 5 7 2 
9 3 8 0 
7 1 0 6 

1 3 7 2 
5 6 9 7 
10 2 4 3 
3 1 10 6 

0 10 3 9 
10 3 8 7 
9 5 7 2 
1 0 6 8 

2 3 5 10 
8 5 4 0 
0 4 6 3 
2 3 0 1 

10 6 2 0 
1 2 9 10 
10 9 1 2 
8 1 3 6 

9 8 3 0 
4 10 7 5 
10 8 5 6 
6 10 0 8 

10 9 3 4 
9 7 4 5 
10 9 2 5 
0 5 7 6 

9 4 7 1 
4 5 0 10 
6 3 0 7 
3 6 0 2 

6 4 9 7 
0 7 5 2 
3 7 0 8 
10 8 4 9 

4 3 2 7 
1 8 5 3 
2 8 1 10 
1 6 5 2 

4 0 3 1 
10 5 6 7 
6 2 8 10 
8 2 10 4 

9 2 6 4 
1 8 9 7 
10 0 1 8 
1 9 8 10 

7 5 1 9 
8 6 2 4 
8 7 4 10 
6 4 3 7 


5 9 4 1 
1 0 9 5 
10 7 2 3 
5 9 7 1 

8 10 6 7 
1 3 4 6 
9 7 8 2 
2 6 10 4 

5 0 8 2 
4 10 1 2 
4 1 2 5 
8 9 6 7 

8 1 2 6 
8 3 5 9 
0 10 5 2 
7 10 5 3 

2 10 5 4 
6 3 7 5 
6 4 0 9 
9 4 2 5 

9 1 10 5 
8 1 7 5 
3 6 2 5 
3 9 4 7 

7 2 10 0 
7 4 0 1 
7 10 8 0 
4 3 6 2 

6 0 3 1 
1 5 7 3 
7 1 0 8 
9 10 8 3 

4 0 10 6 
10 8 9 0 
1 3 0 2 
5 8 9 3 

9 3 0 7 
10 1 5 2 
3 10 9 5 
7 0 5 4 

10 7 0 6 
0 5 7 3 
8 3 10 7 
4 10 0 6 

7 6 2 9 
0 1 7 3 
5 7 0 3 
2 0 3 10 

0 9 10 7 
6 10 1 9 
9 3 4 10 
6 4 7 5 

2 7 6 10 
5 6 9 0 
7 9 1 3 
0 8 10 3 

8 7 5 2 
7 9 1 0 
9 7 2 3 
10 3 6 4 

2 8 9 5 
6 7 1 5 
10 4 0 5 
5 9 8 3 


2 6 10 8 
3 0 8 1 
0 2 8 1 
1 0 4 2 

2 8 5 7 
1 3 5 0 
3 2 4 1 
1 7 4 8 

5 10 0 6 
0 7 2 10 
9 7 1 8 
2 0 9 5 

8 7 10 6 
4 0 3 7 
8 0 4 1 
6 3 5 7 

5 1 0 2 
10 1 3 2 
9 1 6 4 
2 3 0 6 

6 7 10 8 
3 7 2 1 
1 5 0 4 
8 10 5 2 

7 3 1 4 
4 10 0 2 
7 6 9 5 
1 2 6 0 

1 4 7 5 
10 7 4 0 
8 6 1 4 
4 7 6 0 

4 10 7 0 
4 3 6 7 
8 1 9 4 
8 7 0 5 

10 4 7 9 
2 5 4 7 
6 5 10 9 
6 8 10 1 

3 4 0 7 
8 4 10 2 
1 4 10 3 
3 0 6 8 

3 0 1 4 
5 0 10 1 
7 4 1 2 
8 10 1 0 

6 0 3 10 
6 0 7 2 
8 0 9 1 
1 10 9 6 

5 6 8 10 
8 5 6 9 
0 2 10 1 
10 7 2 9 

2 4 0 8 
5 3 10 1 
10 4 9 8 
8 10 4 9 


4 8 9 5 
9 7 2 3 
4 3 6 10 
1 5 3 2 

0 7 10 9 
10 0 4 8 
4 3 8 2 
0 7 10 3 

7 10 3 6 
9 3 2 10 
5 2 6 9 
2 8 1 0 

7 1 0 9 
6 0 7 5 
4 8 2 10 
0 10 7 9 

5 9 0 7 
4 0 8 6 
2 8 4 0 
8 7 1 10 

10 1 2 9 
9 3 10 6 
1 9 2 0 
5 1 7 4 

4 5 3 1 
9 7 8 6 
3 2 8 7 
0 7 6 1 

7 4 8 10 
6 1 8 9 
9 6 7 5 
5 4 2 1 

8 1 10 0 
1 8 9 2 
7 1 9 2 
6 0 9 10 

0 6 3 4 
10 6 4 7 
9 6 8 0 
2 6 1 5 

8 6 2 7 
7 3 0 9 
0 6 1 9 
4 6 9 5 

9 6 3 4 
3 7 10 4 
1 7 6 4 
0 4 9 7 

9 4 10 7 
6 0 2 4 
2 10 7 0 
3 0 8 9 

4 7 0 5 
2 9 1 4 
6 3 9 7 
6 9 3 10 


7 2 10 1 
7 10 5 1 
7 5 3 8 
1 4 5 0 

0 3 7 2 
0 1 3 10 
2 5 10 4 
8 0 5 9 

10 7 2 5 
8 1 4 9 
2 0 6 10 
5 8 1 0 

5 2 6 10 
3 8 9 7 
10 5 4 1 
3 6 4 1 

0 6 5 2 
1 6 10 9 
2 6 10 0 
1 4 5 6 

7 3 5 8 
4 3 2 0 
4 8 7 10 
5 9 1 7 

2 0 10 7 
8 9 6 10 
5 2 9 1 
9 6 1 0 

5 7 3 9 
6 5 4 1 
9 6 1 0 
1 5 8 10 

9 3 7 5 
10 9 6 3 
1 8 3 4 
5 2 10 3 

4 1 2 5 
3 7 6 1 
4 6 9 8 
6 10 1 2 

9 0 3 7 
6 10 7 9 
8 5 3 1 
0 3 9 1 

6 10 1 4 
5 2 3 1 
1 6 9 0 
2 5 8 3 

9 0 6 4 
7 5 1 2 
5 8 4 2 
7 5 10 0 


1 8 2 0 
9 10 0 2 
10 1 5 2 
1 10 5 9 

10 2 0 7 
8 7 0 5 
9 8 0 5 
10 1 0 7 

5 6 9 10 
6 0 1 3 
3 10 9 7 
5 7 8 0 

7 4 8 5 
9 3 0 2 
7 3 6 10 
6 9 4 8 

1 9 2 4 
2 6 0 1 
1 3 2 5 
2 9 8 6 

8 7 2 3 
4 9 8 10 
3 2 1 0 
6 2 5 0 

7 9 4 8 
4 6 10 7 
0 5 3 9 
1 2 4 9 

5 0 2 1 
9 6 1 0 
7 1 3 0 
6 10 5 0 

4 0 7 2 
5 7 8 1 
6 8 0 3 
3 1 4 6 

5 4 9 1 
10 9 1 2 
10 2 5 6 
10 1 4 6 

6 5 3 2 
9 0 3 5 
8 0 4 10 
5 2 1 7 

6 8 10 2 
5 1 3 8 
2 8 3 7 
5 7 10 4 


0 7 10 1 
2 5 10 0 
2 6 10 1 
7 3 8 5 

1 5 9 0 
10 2 8 4 
4 5 2 7 
6 1 10 8 

0 6 7 9 
2 9 6 5 
3 10 4 7 
7 3 8 9 

6 7 1 2 
1 6 8 5 
8 4 6 5 
0 8 5 1 

2 0 6 9 
1 9 7 5 
0 10 1 7 
3 1 5 4 

8 5 7 2 
3 10 8 9 
2 5 3 10 
1 3 0 7 

9 6 10 1 
1 8 2 3 
8 7 4 5 
7 5 1 3 

4 1 3 6 
6 5 7 9 
5 8 2 4 
3 4 9 10 

8 10 6 0 
10 8 3 2 
6 10 4 2 
10 2 7 1 

6 10 4 7 
3 7 1 9 
10 0 1 9 
2 10 1 4 

4 7 3 10 
7 5 3 1 
5 4 3 8 
0 9 3 2 


5 7 0 2 
3 8 2 5 
2 6 7 1 
3 6 8 0 

8 4 1 2 
1 2 8 6 
3 4 1 7 
7 4 3 5 

6 1 7 2 
4 1 2 10 
5 0 6 2 
10 0 5 2 

9 1 4 8 
9 0 1 5 
4 7 2 10 
4 6 10 0 

2 10 8 0 
6 8 10 5 
4 3 7 8 
10 1 3 0 

2 3 0 8 
1 6 7 2 
4 9 6 5 
5 10 9 2 

8 9 2 7 
1 4 3 8 
10 8 3 0 
10 8 7 4 

10 8 5 2 
3 8 5 4 
2 4 1 10 
2 4 6 0 

3 7 6 5 
3 1 4 6 
5 10 7 1 
1 9 3 2 

1 6 5 9 
4 3 8 1 
0 4 10 7 
8 0 9 4 


3 4 6 8 
7 3 4 8 
6 5 3 2 
3 9 5 7 

4 0 6 7 
10 7 9 4 
9 5 4 2 
4 8 5 1 

6 1 8 4 
0 9 5 8 
9 2 8 1 
4 5 6 10 

8 9 7 10 
3 6 2 9 
9 1 0 6 
8 10 9 1 

10 5 1 0 
9 3 10 8 
8 1 9 7 
6 10 8 4 

3 8 4 0 
8 1 0 5 
6 5 9 10 
5 6 1 0 

6 8 9 1 
7 3 5 10 
9 7 2 1 
8 1 6 9 

10 8 6 5 
2 0 6 8 
0 7 6 5 
9 4 1 2 

7 6 3 4 
5 10 3 0 
3 4 9 10 
7 4 3 5 


3 6 5 8 
8 0 1 9 
2 0 6 3 
8 0 7 3 

7 9 6 8 
0 9 3 6 
2 9 6 5 
5 3 4 6 

8 10 0 9 
0 1 7 5 
8 10 1 9 
6 5 4 0 

7 1 5 2 
7 8 9 5 
2 9 5 3 
8 7 9 0 

4 9 0 6 
10 2 7 4 
10 6 1 4 
10 4 8 1 

6 8 5 9 
4 10 8 2 
5 6 8 1 
4 0 8 7 

4 3 1 2 
8 6 2 1 
3 6 4 2 
8 0 5 1 

7 2 9 1 
7 10 4 9 
0 2 1 4 
0 6 5 1 


8 3 5 0 
7 1 5 2 
8 9 0 1 
1 8 3 10 

0 9 5 7 
3 10 9 7 
1 3 6 10 
6 7 9 5 

9 4 5 7 
5 0 1 6 
1 5 10 0 
2 3 4 7 

4 6 0 8 
1 3 5 9 
9 5 7 3 
1 3 10 7 

9 10 7 0 
10 8 1 3 
3 5 7 6 
0 4 9 7 

7 5 3 4 
0 1 10 7 
5 3 7 4 
6 9 10 4 

5 0 6 3 
0 10 4 5 
5 1 9 2 
4 10 2 7 


9 4 7 3 
0 6 10 5 
6 8 10 1 
8 6 7 5 

2 5 10 1 
4 9 7 10 
1 3 7 6 
8 1 6 7 

10 7 0 3 
8 7 10 9 
10 2 5 4 
8 4 7 2 

2 1 6 7 
7 8 9 3 
2 5 1 4 
8 4 10 6 

7 9 2 8 
1 9 0 8 
0 10 5 7 
8 1 0 10 

7 0 9 8 
7 9 2 10 
4 2 5 0 
8 5 3 7 


9 4 0 1 
2 0 3 7 
9 1 0 7 
4 0 8 10 

5 1 10 0 
5 6 4 3 
8 3 6 10 
2 3 9 7 

6 10 9 1 
8 10 0 2 
4 5 6 10 
7 0 9 2 

8 1 5 6 
7 0 5 1 
2 9 5 10 
7 9 5 3 

8 9 4 1 
5 9 6 3 
6 2 0 10 
1 8 4 0 


9 6 3 7 
3 8 7 0 
4 1 10 8 
7 0 1 6 

6 7 4 1 
9 1 7 8 
7 8 1 10 
1 10 6 3 

6 0 9 3 
4 7 6 0 
0 8 9 7 
7 6 0 2 

3 2 1 0 
10 0 8 4 
7 2 10 5 
5 6 8 2 


2 8 5 6 
6 9 1 10 
4 7 10 3 
3 2 8 9 

1 9 8 3 
2 3 10 1 
3 8 10 7 
0 6 2 10 

7 0 1 9 
0 3 10 8 
7 9 5 6 
3 6 1 4 


7 3 4 5 
6 1 4 5 
7 6 4 9 
5 1 3 9 

7 9 10 1 
1 5 0 4 
4 7 9 0 
8 7 4 3 


0 10 1 6 
4 6 0 2 
0 5 9 6 
9 5 2 8 



